# 0.0|19
8.239868164062500000e+00 5.068333745002746582e-01 1.224249267578125000e+01 1.573561000823974609e+01 5.613593459129333496e-01 1.313593626022338867e+00 6.797428131103515625e+00 -9.166675209999084473e-01 -7.725405693054199219e+00 1.504869461059570312e+01 1.049984693527221680e+00 1.906864196062088013e-01 5.107537746429443359e+00 4.096207618713378906e-01 -5.651078224182128906e-01 7.568489909172058105e-01 -4.383940696716308594e-01 -2.546389579772949219e+00 -1.302061557769775391e+00 -2.519763708114624023e+00 -3.309693038463592529e-01 -2.317183732986450195e+00 3.321272134780883789e-01 -3.770011067390441895e-01 7.804130315780639648e-01 -5.535060912370681763e-02
1.503255963325500488e+00 1.771795004606246948e-01 3.844728227704763412e-03 6.668626666069030762e-01 1.054503083229064941e+00 -1.513743549585342407e-01 3.177170276641845703e+00 3.508534729480743408e-01 7.761110551655292511e-03 6.687542051076889038e-02 3.158901035785675049e-01 6.466174125671386719e-01 -2.332068681716918945e+00 -1.645021915435791016e+00 -3.015180826187133789e-01 -9.639033675193786621e-01 -4.420849680900573730e-01 -1.090672850608825684e+00 -3.062068521976470947e-01 1.439917445182800293e+00 3.785825669765472412e-01 -4.739764630794525146e-01 -9.201524406671524048e-02 -7.780834436416625977e-01 2.581239938735961914e-01 -1.497398495674133301e+00
8.628498077392578125e+00 3.748590946197509766e-01 1.226229000091552734e+01 1.411293792724609375e+01 5.219462513923645020e-01 1.241219162940979004e+00 6.836383342742919922e+00 -8.518564701080322266e-01 -7.885459423065185547e+00 1.451605129241943359e+01 9.617193937301635742e-01 2.032319754362106323e-01 4.384388446807861328e+00 8.246889710426330566e-01 -4.876016080379486084e-01 6.920173764228820801e-01 -3.797588646411895752e-01 -2.459783792495727539e+00 -1.368859648704528809e+00 -3.101605653762817383e+00 -2.863542139530181885e-01 -2.307378292083740234e+00 2.875329852104187012e-01 -5.508816838264465332e-01 8.853926658630371094e-01 -1.568726003170013428e-01
1.277833700180053711e+00 3.720391094684600830e-01 9.819446504116058350e-02 3.492589294910430908e-01 2.267149686813354492e-01 2.559701502323150635e-01 1.428132057189941406e+00 2.284198403358459473e-01 1.867246478796005249e-01 2.732301652431488037e-01 2.221857458353042603e-01 4.901363849639892578e-01 -2.623606026172637939e-01 -1.549185752868652344e+00 -5.985305309295654297e-01 -4.568784534931182861e-01 -1.189671993255615234e+00 -3.928172886371612549e-01 -6.144907474517822266e-01 9.499902129173278809e-01 -4.838957488536834717e-01 4.516018927097320557e-01 5.800111591815948486e-02 -6.066110134124755859e-01 -5.124138593673706055e-01 -4.738979041576385498e-01
4.756268262863159180e-01 4.255985617637634277e-01 4.294707775115966797e-01 9.083850681781768799e-02 2.748984098434448242e-01 5.381550788879394531e-01 9.408059716224670410e-01 5.003893971443176270e-01 -3.904253616929054260e-02 2.831337153911590576e-01 1.196386814117431641e-01 3.600615561008453369e-01 -2.511714100837707520e-01 -9.966472983360290527e-01 -1.961289495229721069e-01 -4.764885604381561279e-01 -1.077582597732543945e+00 -2.481132000684738159e-01 -4.685493111610412598e-01 9.463914036750793457e-01 -5.845481157302856445e-01 6.863775253295898438e-01 -1.641463488340377808e-01 -5.563006997108459473e-01 -8.057767748832702637e-01 1.678730249404907227e-01
1.386317491531372070e+00 2.397436201572418213e-01 5.999141559004783630e-02 3.911623656749725342e-01 3.935117721557617188e-01 5.124210715293884277e-01 1.110626459121704102e+00 3.652954697608947754e-01 2.748281955718994141e-01 8.086561411619186401e-02 2.522004544734954834e-01 3.437477052211761475e-01 -3.474494814872741699e-01 -1.479822993278503418e+00 -6.609323620796203613e-01 -2.409990578889846802e-01 -9.638013839721679688e-01 4.246428310871124268e-01 -5.178723931312561035e-01 1.119049906730651855e+00 -7.124598622322082520e-01 7.216196507215499878e-02 -4.318258464336395264e-01 -5.265422463417053223e-01 -1.099829912185668945e+00 -6.104230284690856934e-01
5.859106183052062988e-01 3.979125022888183594e-01 4.324298501014709473e-01 2.499504983425140381e-01 1.116418093442916870e-01 4.045287668704986572e-01 1.236577749252319336e+00 2.551194131374359131e-01 2.234136462211608887e-01 2.673760652542114258e-01 4.039401710033416748e-01 2.527012526988983154e-01 -6.085621714591979980e-01 -1.648471593856811523e+00 -7.735500931739807129e-01 -2.978651225566864014e-01 -1.281749486923217773e+00 -1.633729785680770874e-01 -3.588962852954864502e-01 1.290419936180114746e+00 -3.960260748863220215e-01 -7.837420701980590820e-02 -7.454164326190948486e-02 -4.327343404293060303e-01 -6.053871512413024902e-01 -8.388286232948303223e-01
1.745648741722106934e+00 1.396938115358352661e-01 7.206021994352340698e-02 2.829013168811798096e-01 3.177480995655059814e-01 3.773557841777801514e-01 1.170492410659790039e+00 2.421117573976516724e-01 2.624554634094238281e-01 2.902822196483612061e-01 3.219410479068756104e-01 4.576698839664459229e-01 -2.196791321039199829e-01 -6.949165463447570801e-01 -2.920065522193908691e-01 -2.851663827896118164e-01 -7.850508689880371094e-01 4.689832404255867004e-02 9.580416604876518250e-03 1.841177821159362793e+00 -5.618421435356140137e-01 -2.332522422075271606e-01 -2.511945962905883789e-01 -5.911747813224792480e-01 -6.546115279197692871e-01 -5.898484587669372559e-01
8.443149328231811523e-01 3.155570924282073975e-01 1.956138908863067627e-01 1.900340616703033447e-01 7.442177087068557739e-02 4.159038066864013672e-01 8.361335396766662598e-01 3.610609471797943115e-01 5.065499618649482727e-02 3.093694746494293213e-01 4.126121103763580322e-01 4.615200161933898926e-01 -1.224188879132270813e-01 -1.875333189964294434e+00 -1.552502214908599854e-01 -3.997671604156494141e-01 -9.177866578102111816e-01 -2.082751244306564331e-01 -7.684375643730163574e-01 4.939519762992858887e-01 -1.685821264982223511e-01 2.316883355379104614e-01 3.907206654548645020e-02 -7.234342694282531738e-01 -4.634028077125549316e-01 -3.507753610610961914e-01
9.015208482742309570e-01 3.675183057785034180e-01 2.167422026395797729e-01 4.363023042678833008e-01 3.289408683776855469e-01 3.721342384815216064e-01 7.590384483337402344e-01 1.143449768424034119e-01 1.694566458463668823e-01 3.114080429077148438e-01 1.894228458404541016e-01 4.960400164127349854e-01 2.398589700460433960e-01 -1.262499094009399414e+00 -4.975464642047882080e-01 -6.498312950134277344e-01 -1.046612739562988281e+00 -5.666249990463256836e-01 -6.002913713455200195e-01 1.302287459373474121e+00 -2.057783007621765137e-01 4.060643911361694336e-01 -1.439189761877059937e-01 -5.516812205314636230e-01 -1.203908920288085938e-01 -4.655883014202117920e-01
7.098420143127441406e+00 2.318385601043701172e+00 2.256777524948120117e+00 1.031593441963195801e+00 7.215580463409423828e+00 5.603074073791503906e+00 -5.644787311553955078e+00 5.551715850830078125e+00 1.178385019302368164e+00 8.229631423950195312e+00 1.969000816345214844e+00 -1.321234345436096191e+00 2.416424989700317383e+00 -4.949260056018829346e-01 -2.014566957950592041e-01 1.665428161621093750e+00 -1.628388214111328125e+01 -3.618233919143676758e+00 -1.926773071289062500e+00 -2.589849710464477539e+00 -1.725274771451950073e-01 -2.315474271774291992e+00 2.664915025234222412e-01 3.196927309036254883e-01 1.574820160865783691e+00 1.865501999855041504e-01
7.107110977172851562e+00 2.324401617050170898e+00 2.261198520660400391e+00 1.028368592262268066e+00 7.253005981445312500e+00 5.620037555694580078e+00 -5.653707504272460938e+00 5.555650711059570312e+00 1.183563113212585449e+00 8.230624198913574219e+00 1.781548738479614258e+00 -1.341595888137817383e+00 2.388122558593750000e+00 -4.897951185703277588e-01 -1.652102619409561157e-01 1.666679978370666504e+00 -1.634574127197265625e+01 -3.615170240402221680e+00 -1.921780109405517578e+00 -2.628885746002197266e+00 -1.643657982349395752e-01 -2.289082527160644531e+00 2.713211178779602051e-01 -9.428160265088081360e-03 1.587160468101501465e+00 1.952510774135589600e-01
1.647829890251159668e+00 4.526099562644958496e-01 3.122365772724151611e-01 1.029139876365661621e+00 7.233282566070556641e+00 5.623038291931152344e+00 -5.667057037353515625e+00 5.560538291931152344e+00 1.176999211311340332e+00 2.905194461345672607e-01 4.250135421752929688e-01 5.014825463294982910e-01 2.995802164077758789e-01 -7.435836195945739746e-01 -5.918487906455993652e-01 -5.776484608650207520e-01 -1.632926177978515625e+01 -3.616077661514282227e+00 -1.921739578247070312e+00 -2.665430545806884766e+00 -1.600533425807952881e-01 -2.306124687194824219e+00 -1.976839005947113037e-01 -7.448804974555969238e-01 -4.498275518417358398e-01 -1.294034570455551147e-01
6.620936393737792969e-01 3.084298074245452881e-01 3.490854501724243164e-01 5.462735891342163086e-01 3.768867850303649902e-01 2.921243906021118164e-01 5.766183137893676758e-01 8.569940924644470215e-02 -2.570580132305622101e-02 4.640388786792755127e-01 1.972923278808593750e-01 5.263177752494812012e-01 -5.965538024902343750e-01 -1.657944560050964355e+00 -5.330022573471069336e-01 7.451516110450029373e-03 -7.267554402351379395e-01 -9.190664626657962799e-03 -5.812012553215026855e-01 9.222998023033142090e-01 -9.176127314567565918e-01 -3.149325251579284668e-01 -4.269914031028747559e-01 -6.172922849655151367e-01 -5.702111124992370605e-01 -3.446603119373321533e-01
7.097103595733642578e+00 2.264598131179809570e+00 2.297788619995117188e+00 1.012224555015563965e+00 7.182023525238037109e+00 4.087744057178497314e-01 9.351515769958496094e-01 5.474198341369628906e+00 1.182818531990051270e+00 8.229572296142578125e+00 1.840075254440307617e+00 -1.357284069061279297e+00 2.335258007049560547e+00 -5.238500237464904785e-01 -1.489678770303726196e-01 1.600243687629699707e+00 -1.589857673645019531e+01 -3.643236875534057617e+00 -2.120593935251235962e-01 6.971960067749023438e-01 -1.483331918716430664e-01 -2.299450159072875977e+00 2.827525436878204346e-01 6.208743155002593994e-02 1.601527094841003418e+00 3.525368273258209229e-01
7.092436313629150391e+00 2.262203931808471680e+00 2.273654937744140625e+00 1.008853673934936523e+00 7.173738002777099609e+00 2.359516322612762451e-01 6.093879938125610352e-01 5.536260604858398438e+00 1.159439444541931152e+00 8.214888572692871094e+00 1.824151754379272461e+00 -1.346029996871948242e+00 2.300354480743408203e+00 -5.727901458740234375e-01 -1.325371861457824707e-01 1.612161278724670410e+00 -1.583936882019042969e+01 -3.638060092926025391e+00 -8.338411152362823486e-02 1.313068866729736328e+00 -1.632512360811233521e-01 -2.293212652206420898e+00 3.023715615272521973e-01 6.596328318119049072e-02 1.589106202125549316e+00 3.604904413223266602e-01
7.083853721618652344e+00 2.266893386840820312e+00 2.279558658599853516e+00 1.017852783203125000e+00 7.229923248291015625e+00 5.540212631225585938e+00 -5.547272682189941406e+00 5.504303932189941406e+00 1.172776341438293457e+00 8.231784820556640625e+00 1.962579131126403809e+00 -1.348564267158508301e+00 2.376971483230590820e+00 -5.517572164535522461e-01 -1.543021500110626221e-01 1.641831040382385254e+00 -1.596600055694580078e+01 -3.634619474411010742e+00 -1.941040039062500000e+00 -2.533631324768066406e+00 -1.705895811319351196e-01 -2.316881418228149414e+00 2.904180586338043213e-01 2.953252792358398438e-01 1.627338886260986328e+00 3.186419606208801270e-01
7.123899459838867188e+00 2.315245628356933594e+00 2.254783153533935547e+00 1.015511035919189453e+00 7.219502925872802734e+00 5.518019676208496094e+00 -5.594540119171142578e+00 5.490517139434814453e+00 1.205925345420837402e+00 8.214446067810058594e+00 1.975808024406433105e+00 -1.332403302192687988e+00 2.423148155212402344e+00 -4.832733273506164551e-01 -2.146809846162796021e-01 1.636471390724182129e+00 -1.594979667663574219e+01 -3.637108564376831055e+00 -1.918827176094055176e+00 -2.519309997558593750e+00 -1.557811200618743896e-01 -2.310134887695312500e+00 2.694565653800964355e-01 3.028721511363983154e-01 1.538596987724304199e+00 1.726482063531875610e-01
7.146676063537597656e+00 2.314432621002197266e+00 2.279694795608520508e+00 1.026303887367248535e+00 7.217898368835449219e+00 5.565041065216064453e+00 -5.614425659179687500e+00 5.521919250488281250e+00 1.196614384651184082e+00 8.224128723144531250e+00 1.973337054252624512e+00 -1.358835935592651367e+00 2.433471441268920898e+00 -4.559847116470336914e-01 -1.944101154804229736e-01 1.656435132026672363e+00 -1.614422416687011719e+01 -3.610913038253784180e+00 -1.913066864013671875e+00 -2.502816438674926758e+00 -1.676657497882843018e-01 -2.314421653747558594e+00 2.685923874378204346e-01 2.882438004016876221e-01 1.527364134788513184e+00 1.781521886587142944e-01
7.117773056030273438e+00 2.314282655715942383e+00 2.287178039550781250e+00 1.026123762130737305e+00 7.251066207885742188e+00 5.609315395355224609e+00 -5.643066406250000000e+00 5.558178901672363281e+00 1.180787444114685059e+00 8.244167327880859375e+00 1.958857417106628418e+00 -1.364701509475708008e+00 2.392403364181518555e+00 -4.449893534183502197e-01 -1.909884363412857056e-01 1.659754753112792969e+00 -1.618231201171875000e+01 -3.618004083633422852e+00 -1.928973078727722168e+00 -2.583609104156494141e+00 -1.755431741476058960e-01 -2.302628278732299805e+00 2.793543934822082520e-01 3.202071785926818848e-01 1.582717299461364746e+00 1.772532910108566284e-01
7.077022075653076172e+00 2.312535762786865234e+00 2.255695343017578125e+00 1.031721830368041992e+00 7.266751766204833984e+00 5.561778545379638672e+00 -5.688531398773193359e+00 5.514353752136230469e+00 1.201002359390258789e+00 8.228218078613281250e+00 1.793873310089111328e+00 -1.330045700073242188e+00 2.368219614028930664e+00 -4.656763374805450439e-01 -1.847780644893646240e-01 1.671779751777648926e+00 -1.630476570129394531e+01 -3.607304573059082031e+00 -1.932691812515258789e+00 -2.692512273788452148e+00 -1.563588231801986694e-01 -2.300207138061523438e+00 2.757651805877685547e-01 4.594230279326438904e-02 1.592405200004577637e+00 1.710251122713088989e-01
7.123168945312500000e+00 2.317536115646362305e+00 2.289737224578857422e+00 1.025708675384521484e+00 7.247473239898681641e+00 5.568687438964843750e+00 -5.654792785644531250e+00 5.508147716522216797e+00 1.201494693756103516e+00 8.257939338684082031e+00 1.795725941658020020e+00 -1.367074489593505859e+00 2.378449916839599609e+00 -4.469318091869354248e-01 -1.815259605646133423e-01 1.666141510009765625e+00 -1.634092903137207031e+01 -3.606612682342529297e+00 -1.926452755928039551e+00 -2.680551290512084961e+00 -1.570961624383926392e-01 -2.302522420883178711e+00 2.747195363044738770e-01 3.133079037070274353e-02 1.582446813583374023e+00 1.632958799600601196e-01
1.121577382087707520e+00 3.113009631633758545e-01 2.462673187255859375e-01 4.762143790721893311e-01 7.242836475372314453e+00 4.481868445873260498e-01 1.109565258026123047e+00 3.453643918037414551e-01 2.881631255149841309e-01 2.994745671749114990e-01 3.427103161811828613e-01 5.018923282623291016e-01 -4.735015705227851868e-02 -1.488202452659606934e+00 -7.886914163827896118e-02 -3.169999122619628906e-01 -1.035597801208496094e+00 -3.603061914443969727e+00 3.429354727268218994e-02 9.935231208801269531e-01 -1.206490635871887207e+00 2.263844311237335205e-01 -4.911099001765251160e-02 -7.341361641883850098e-01 -3.444839417934417725e-01 8.824985474348068237e-02
7.106658935546875000e+00 2.284700393676757812e+00 2.259155035018920898e+00 1.595647484064102173e-01 3.195790648460388184e-01 3.843798041343688965e-01 7.998206615447998047e-01 1.678708642721176147e-01 3.095218837261199951e-01 8.229104042053222656e+00 1.845196723937988281e+00 -1.323203444480895996e+00 2.395221710205078125e+00 -5.134335160255432129e-01 -1.622198969125747681e-01 1.657980322837829590e+00 -6.661388278007507324e-01 3.605893254280090332e-01 -3.673372566699981689e-01 1.557971954345703125e+00 -2.002081423997879028e-01 7.848729938268661499e-02 2.795360088348388672e-01 9.966131299734115601e-02 1.587209701538085938e+00 2.418513596057891846e-01
7.043935775756835938e+00 2.281852006912231445e+00 2.280246019363403320e+00 1.022167086601257324e+00 7.227709770202636719e+00 5.567638397216796875e+00 -5.618011951446533203e+00 5.516094684600830078e+00 1.185580253601074219e+00 8.228337287902832031e+00 1.910052776336669922e+00 -1.331500053405761719e+00 2.361360549926757812e+00 -5.330201387405395508e-01 -1.749193668365478516e-01 1.628485441207885742e+00 -1.592552566528320312e+01 -3.626247406005859375e+00 -1.948503971099853516e+00 -2.556664228439331055e+00 -1.637989878654479980e-01 -2.302778720855712891e+00 2.894010245800018311e-01 2.164488881826400757e-01 1.614236950874328613e+00 3.137764036655426025e-01
7.071455478668212891e+00 2.284686565399169922e+00 2.266410350799560547e+00 1.021012663841247559e+00 7.222460746765136719e+00 5.565725326538085938e+00 -5.621542930603027344e+00 5.533026695251464844e+00 1.167027592658996582e+00 8.227619171142578125e+00 1.897664785385131836e+00 -1.323998689651489258e+00 2.419739246368408203e+00 -5.108991861343383789e-01 -1.828799694776535034e-01 1.663741111755371094e+00 -1.603553199768066406e+01 -3.632765293121337891e+00 -1.967359662055969238e+00 -2.528824329376220703e+00 -1.622944623231887817e-01 -2.327153682708740234e+00 2.794174253940582275e-01 1.923151761293411255e-01 1.586115837097167969e+00 2.032476365566253662e-01
7.138554096221923828e+00 2.318222045898437500e+00 2.267647981643676758e+00 1.019701600074768066e+00 7.206299304962158203e+00 5.554461956024169922e+00 -5.604613780975341797e+00 5.495144367218017578e+00 1.186985969543457031e+00 8.217689514160156250e+00 1.751412749290466309e+00 -1.330534934997558594e+00 2.417338609695434570e+00 -4.952180683612823486e-01 -1.898933500051498413e-01 1.654517650604248047e+00 -1.594698429107666016e+01 -3.634346246719360352e+00 -1.945490956306457520e+00 -2.530012607574462891e+00 -1.712481975555419922e-01 -2.336975097656250000e+00 2.634499967098236084e-01 -5.381762981414794922e-02 1.532307386398315430e+00 1.960217952728271484e-01
7.112462997436523438e+00 2.323184013366699219e+00 2.247720003128051758e+00 1.019637346267700195e+00 7.221197605133056641e+00 5.571027755737304688e+00 -5.556337356567382812e+00 5.507538318634033203e+00 1.184655785560607910e+00 8.209712982177734375e+00 1.711734652519226074e+00 -1.298794388771057129e+00 2.390551090240478516e+00 -4.982917904853820801e-01 -1.997214257717132568e-01 1.633839249610900879e+00 -1.614860153198242188e+01 -3.627051591873168945e+00 -1.927827954292297363e+00 -2.481743097305297852e+00 -1.722074449062347412e-01 -2.323084831237792969e+00 2.648070454597473145e-01 -1.507496684789657593e-01 1.569041848182678223e+00 1.829062402248382568e-01
6.285882949829101562e+00 2.021053552627563477e+00 2.312042713165283203e+00 4.463397860527038574e-01 6.721651077270507812e+00 5.160758972167968750e+00 -3.189336299896240234e+00 5.285170078277587891e+00 1.149116158485412598e+00 7.854020595550537109e+00 1.940798401832580566e+00 -1.182208299636840820e+00 6.445233225822448730e-01 1.038327217102050781e-01 -4.916137456893920898e-01 1.433429718017578125e+00 -1.160021877288818359e+01 -3.754820346832275391e+00 -1.688455820083618164e+00 -3.964151740074157715e-01 9.977248311042785645e-02 -2.419878244400024414e+00 5.638163089752197266e-01 8.355771005153656006e-02 1.866112232208251953e+00 1.806683987379074097e-01
1.360648989677429199e+00 4.649841487407684326e-01 4.746744632720947266e-01 6.126949787139892578e-01 2.756209373474121094e-01 2.627085149288177490e-01 9.620229601860046387e-01 3.709229230880737305e-01 1.514335423707962036e-01 3.996543288230895996e-01 1.098837628960609436e-01 1.044335514307022095e-01 1.253929734230041504e-01 -1.379195094108581543e+00 -2.948086857795715332e-01 -2.326792776584625244e-01 -9.451920986175537109e-01 -3.459536135196685791e-01 -8.346014022827148438e-01 5.924946665763854980e-01 -7.385100722312927246e-01 1.473805010318756104e-01 -4.356801807880401611e-01 -4.121739864349365234e-01 -2.542876005172729492e-01 -5.202438831329345703e-01
9.466742277145385742e-01 2.823623418807983398e-01 1.991562731564044952e-02 2.769141197204589844e-01 1.961253881454467773e-01 2.688750624656677246e-01 1.033882498741149902e+00 3.114641308784484863e-01 1.008317843079566956e-01 3.185773789882659912e-01 2.425568103790283203e-01 3.275594413280487061e-01 -1.125912889838218689e-01 -1.272337079048156738e+00 -7.521269321441650391e-01 -1.019702330231666565e-01 -7.218968272209167480e-01 -9.154856204986572266e-01 -3.404543995857238770e-01 1.089081764221191406e+00 -1.162105277180671692e-01 -3.394140303134918213e-01 -2.445296347141265869e-01 -5.752998590469360352e-01 -5.856674313545227051e-01 -6.420068144798278809e-01
1.165931701660156250e+00 4.177565276622772217e-01 1.037280187010765076e-01 3.583180010318756104e-01 3.833015561103820801e-01 5.287238955497741699e-01 3.220731317996978760e-01 2.846576869487762451e-01 1.625617146492004395e-01 4.442208707332611084e-01 3.734959661960601807e-01 2.801258563995361328e-01 2.005269825458526611e-01 -8.090013265609741211e-01 -4.490063786506652832e-01 1.741984784603118896e-01 -7.224777936935424805e-01 -1.452370136976242065e-01 -3.500689864158630371e-01 9.760422110557556152e-01 -3.306585550308227539e-01 1.686987429857254028e-01 -4.468342065811157227e-01 -8.219950795173645020e-01 -9.549035429954528809e-01 -1.284313201904296875e-01
7.724217772483825684e-01 3.878428786993026733e-02 2.718982696533203125e-01 3.395549952983856201e-01 2.437306642532348633e-01 3.676277995109558105e-01 1.355007290840148926e+00 2.310394793748855591e-01 9.779030829668045044e-02 1.249467879533767700e-01 3.794238567352294922e-01 4.979570806026458740e-01 1.473588123917579651e-02 -1.436411619186401367e+00 -5.219455957412719727e-01 -2.653433680534362793e-01 -5.956055521965026855e-01 -2.760592401027679443e-01 -6.130751967430114746e-01 6.880941390991210938e-01 -8.703599572181701660e-01 6.672039031982421875e-01 2.523251473903656006e-01 -7.233924269676208496e-01 -7.049950361251831055e-01 -1.590062975883483887e-01
1.114214301109313965e+00 1.406632065773010254e-01 2.096900641918182373e-01 3.719757795333862305e-01 2.422353476285934448e-01 4.362310171127319336e-01 6.187227368354797363e-01 2.798175513744354248e-01 4.930177330970764160e-02 3.326697349548339844e-01 2.024053037166595459e-01 5.091027617454528809e-01 8.092561364173889160e-01 -1.273585438728332520e+00 -7.455338537693023682e-02 -3.222865462303161621e-01 -1.120670080184936523e+00 -4.455497860908508301e-02 -1.006054639816284180e+00 8.407981991767883301e-01 -5.185685753822326660e-01 2.478218525648117065e-01 3.555934131145477295e-01 -4.883031249046325684e-01 -7.523566484451293945e-01 -7.156433463096618652e-01
5.675645470619201660e-01 1.422395706176757812e-01 2.499818801879882812e-01 5.241926312446594238e-01 2.758570015430450439e-01 3.580929934978485107e-01 4.551044702529907227e-01 2.598879635334014893e-01 2.298146039247512817e-01 2.380336821079254150e-01 1.516394019126892090e-01 3.368352651596069336e-01 -3.026515543460845947e-01 -9.344539642333984375e-01 -5.994467139244079590e-01 -6.309783086180686951e-03 -7.593361735343933105e-01 -8.606759905815124512e-01 -7.171510905027389526e-02 8.962397575378417969e-01 8.329726010560989380e-02 -7.980726659297943115e-02 -1.319828331470489502e-01 -3.535302281379699707e-01 -4.753088951110839844e-01 -1.988930106163024902e-01
1.400601267814636230e+00 3.456741571426391602e-01 8.817423880100250244e-02 3.575153350830078125e-01 9.075663983821868896e-02 4.734831452369689941e-01 9.496920704841613770e-01 4.341179728507995605e-01 3.270255327224731445e-01 3.741030991077423096e-01 3.982400298118591309e-01 3.178518116474151611e-01 -1.451779156923294067e-01 -1.531889677047729492e+00 -1.081622123718261719e+00 3.164179623126983643e-01 -1.374365925788879395e+00 -6.171175837516784668e-01 -5.593623518943786621e-01 3.317174017429351807e-01 -3.142382800579071045e-01 1.155374199151992798e-01 1.746511459350585938e-01 -6.420902013778686523e-01 -2.291955053806304932e-01 -5.264200568199157715e-01
3.331484273076057434e-02 1.837189197540283203e-01 2.560840249061584473e-01 4.176655709743499756e-01 1.385889798402786255e-01 3.845643699169158936e-01 1.120847940444946289e+00 1.309346854686737061e-01 1.918453276157379150e-01 2.612795829772949219e-01 3.005390465259552002e-01 3.349882066249847412e-01 4.111114144325256348e-01 -1.221586823463439941e+00 -3.405299484729766846e-01 1.136748492717742920e-01 -8.136415481567382812e-01 1.055747196078300476e-01 -3.826944231986999512e-01 9.220644831657409668e-01 -5.019189119338989258e-01 2.987382113933563232e-01 4.561711847782135010e-01 -3.907223939895629883e-01 -3.172126412391662598e-01 -3.758890032768249512e-01
9.890291690826416016e-01 2.537876665592193604e-01 2.114797681570053101e-01 3.756784200668334961e-01 1.306885033845901489e-01 4.160655140876770020e-01 8.393117189407348633e-01 1.907490342855453491e-01 1.076897382736206055e-01 2.541047930717468262e-01 4.124234020709991455e-01 3.919755220413208008e-01 1.086373701691627502e-01 -1.500976085662841797e+00 -3.143072128295898438e-01 -5.772026181221008301e-01 -6.047266721725463867e-01 9.373334236443042755e-03 -4.169791042804718018e-01 3.120027482509613037e-01 -6.350525021553039551e-01 2.881128787994384766e-01 6.925456225872039795e-02 -8.403852581977844238e-01 -4.656095802783966064e-01 -8.094286918640136719e-01
6.551226973533630371e-01 4.510310292243957520e-01 3.508720993995666504e-01 2.478814274072647095e-01 1.969524919986724854e-01 1.974285095930099487e-01 1.307257771492004395e+00 3.061461746692657471e-01 1.178621724247932434e-01 1.489461958408355713e-01 1.064899265766143799e-01 6.256133317947387695e-01 -6.998890042304992676e-01 -1.564526796340942383e+00 -2.250450253486633301e-01 -5.357593894004821777e-01 -4.290089011192321777e-01 -2.252340763807296753e-01 -8.254677653312683105e-01 1.325876355171203613e+00 -4.268229603767395020e-01 1.980075985193252563e-01 -2.923702001571655273e-01 -5.752084255218505859e-01 -2.775514125823974609e-01 -5.994104743003845215e-01
