# 2349.8518518518517|19
7.814463138580322266e+00 7.249670028686523438e-01 1.103064155578613281e+01 1.480431270599365234e+01 1.168203115463256836e+00 9.948925971984863281e-01 6.034543514251708984e+00 -4.320033788681030273e-01 -6.754647731781005859e+00 1.410660552978515625e+01 1.331443428993225098e+00 1.611115485429763794e-01 4.386513233184814453e+00
7.818442344665527344e+00 7.657833099365234375e-01 1.096066856384277344e+01 1.477688217163085938e+01 1.207944512367248535e+00 9.722175598144531250e-01 6.056160926818847656e+00 -4.045991599559783936e-01 -6.748977661132812500e+00 1.403448104858398438e+01 1.355856418609619141e+00 1.645208150148391724e-01 4.409512042999267578e+00
7.837276935577392578e+00 7.480500340461730957e-01 1.095914459228515625e+01 1.481333732604980469e+01 1.222196936607360840e+00 9.382236599922180176e-01 6.009867191314697266e+00 -3.757117986679077148e-01 -6.756178855895996094e+00 1.399400329589843750e+01 1.380008578300476074e+00 1.624815911054611206e-01 4.377301692962646484e+00
7.755996227264404297e+00 7.732450962066650391e-01 1.091048145294189453e+01 1.478723430633544922e+01 1.246701359748840332e+00 9.111159443855285645e-01 6.036374092102050781e+00 -3.600091338157653809e-01 -6.772268772125244141e+00 1.394899845123291016e+01 1.414800167083740234e+00 1.698526740074157715e-01 4.327090740203857422e+00
7.760619640350341797e+00 7.809802293777465820e-01 1.088432884216308594e+01 1.477858829498291016e+01 1.280079007148742676e+00 8.909308910369873047e-01 6.048271656036376953e+00 -3.264017701148986816e-01 -6.777560234069824219e+00 1.390262222290039062e+01 1.456039905548095703e+00 1.778288781642913818e-01 4.272734165191650391e+00
7.714711666107177734e+00 7.905515432357788086e-01 1.085191917419433594e+01 1.475886726379394531e+01 1.301204204559326172e+00 8.538371324539184570e-01 6.055937290191650391e+00 -3.042117953300476074e-01 -6.810731887817382812e+00 1.386102581024169922e+01 1.472011566162109375e+00 1.826230585575103760e-01 4.202982425689697266e+00
7.669384956359863281e+00 8.061356544494628906e-01 1.081425380706787109e+01 1.478291893005371094e+01 1.333586692810058594e+00 8.258773684501647949e-01 6.061444282531738281e+00 -2.784477472305297852e-01 -6.822243690490722656e+00 1.382437229156494141e+01 1.504076957702636719e+00 1.856008023023605347e-01 4.145071983337402344e+00
7.655813217163085938e+00 8.356807827949523926e-01 1.076323699951171875e+01 1.476024150848388672e+01 1.366298913955688477e+00 8.031795024871826172e-01 6.007250785827636719e+00 -2.547736763954162598e-01 -6.830068111419677734e+00 1.379505920410156250e+01 1.547750234603881836e+00 1.879162192344665527e-01 4.109343528747558594e+00
7.616908550262451172e+00 8.341931104660034180e-01 1.074144077301025391e+01 1.472652816772460938e+01 1.389511466026306152e+00 7.733507156372070312e-01 6.032278060913085938e+00 -2.273745983839035034e-01 -6.850799083709716797e+00 1.372982978820800781e+01 1.575239539146423340e+00 1.942888498306274414e-01 4.160520076751708984e+00
7.573508739471435547e+00 8.672774434089660645e-01 1.069783115386962891e+01 1.472905063629150391e+01 1.425007820129394531e+00 7.442702651023864746e-01 6.031680583953857422e+00 -2.036640048027038574e-01 -6.894565105438232422e+00 1.369383430480957031e+01 1.619447827339172363e+00 1.984307318925857544e-01 4.164941787719726562e+00
7.537377357482910156e+00 8.637581467628479004e-01 1.068205261230468750e+01 1.475620651245117188e+01 1.440007328987121582e+00 7.172304391860961914e-01 5.951849937438964844e+00 -1.738367825746536255e-01 -6.909077644348144531e+00 1.362969303131103516e+01 1.644221901893615723e+00 2.074246406555175781e-01 4.110158920288085938e+00
7.492445945739746094e+00 8.723329305648803711e-01 1.063181114196777344e+01 1.473012638092041016e+01 1.470993876457214355e+00 6.851319074630737305e-01 5.989202499389648438e+00 -1.526526212692260742e-01 -6.937981128692626953e+00 1.358456993103027344e+01 1.670360565185546875e+00 2.075305730104446411e-01 4.052901744842529297e+00
7.482340335845947266e+00 8.663185834884643555e-01 1.063010597229003906e+01 1.475086593627929688e+01 1.486227035522460938e+00 6.545996665954589844e-01 6.031237125396728516e+00 -1.238610148429870605e-01 -6.965260028839111328e+00 1.357606506347656250e+01 1.693020224571228027e+00 2.155101299285888672e-01 4.026397705078125000e+00
7.510255813598632812e+00 8.829208612442016602e-01 1.064283847808837891e+01 1.479954624176025391e+01 1.484397888183593750e+00 6.185117363929748535e-01 6.103064060211181641e+00 -9.684573858976364136e-02 -6.980128765106201172e+00 1.354039955139160156e+01 1.716833949089050293e+00 2.137560546398162842e-01 3.981634616851806641e+00
7.524969100952148438e+00 8.825393319129943848e-01 1.063322734832763672e+01 1.482660388946533203e+01 1.501931190490722656e+00 5.919606089591979980e-01 6.054762363433837891e+00 -7.338582724332809448e-02 -7.005244731903076172e+00 1.350059032440185547e+01 1.739533305168151855e+00 2.107624709606170654e-01 3.989595890045166016e+00
7.489563941955566406e+00 8.724610805511474609e-01 1.059609985351562500e+01 1.480377197265625000e+01 1.528562068939208984e+00 5.627000331878662109e-01 6.137145996093750000e+00 -4.046938195824623108e-02 -7.012030124664306641e+00 1.352054595947265625e+01 1.747422218322753906e+00 2.152736634016036987e-01 3.988001585006713867e+00
7.478899002075195312e+00 8.818540573120117188e-01 1.056748867034912109e+01 1.484485626220703125e+01 1.549055814743041992e+00 5.326329469680786133e-01 6.076491832733154297e+00 -1.843914762139320374e-02 -7.023376941680908203e+00 1.348758602142333984e+01 1.770582675933837891e+00 2.168460786342620850e-01 3.762346029281616211e+00
7.415234088897705078e+00 8.852961063385009766e-01 1.055173778533935547e+01 1.480257225036621094e+01 1.578187108039855957e+00 4.980893731117248535e-01 6.114618301391601562e+00 5.493768025189638138e-03 -7.035675525665283203e+00 1.346362018585205078e+01 1.806352972984313965e+00 2.213321775197982788e-01 3.878236055374145508e+00
7.431961059570312500e+00 8.883607387542724609e-01 1.052606582641601562e+01 1.484084892272949219e+01 1.603673815727233887e+00 4.715129137039184570e-01 6.031668663024902344e+00 2.546513080596923828e-02 -7.036732196807861328e+00 1.340902614593505859e+01 1.826002001762390137e+00 2.250020354986190796e-01 3.883082389831542969e+00
7.375179767608642578e+00 9.289800524711608887e-01 1.044794750213623047e+01 1.477899932861328125e+01 1.644952058792114258e+00 4.535302221775054932e-01 6.017782211303710938e+00 5.393134430050849915e-02 -7.026475429534912109e+00 1.333825111389160156e+01 1.879408955574035645e+00 2.302539050579071045e-01 3.874289274215698242e+00
7.296112060546875000e+00 9.498003721237182617e-01 1.039928054809570312e+01 1.476857852935791016e+01 1.684333682060241699e+00 4.241989850997924805e-01 5.985546588897705078e+00 7.887135446071624756e-02 -7.021160125732421875e+00 1.328656196594238281e+01 1.919599771499633789e+00 2.442568838596343994e-01 3.795840501785278320e+00
7.296675682067871094e+00 9.773618578910827637e-01 1.036277484893798828e+01 1.473226642608642578e+01 1.698746919631958008e+00 3.967859447002410889e-01 6.015236854553222656e+00 9.844408929347991943e-02 -7.052233219146728516e+00 1.324285221099853516e+01 1.935260534286499023e+00 2.386717498302459717e-01 3.745338916778564453e+00
7.297731876373291016e+00 9.738677740097045898e-01 1.033316612243652344e+01 1.474215126037597656e+01 1.727674484252929688e+00 3.662715554237365723e-01 5.993699073791503906e+00 1.268526613712310791e-01 -7.052224636077880859e+00 1.318568992614746094e+01 1.988151788711547852e+00 2.475275248289108276e-01 3.644886732101440430e+00
7.243850708007812500e+00 9.941369891166687012e-01 1.029365062713623047e+01 1.474820518493652344e+01 1.766283750534057617e+00 3.325073421001434326e-01 6.002266883850097656e+00 1.562299877405166626e-01 -7.073969841003417969e+00 1.314848613739013672e+01 2.020680904388427734e+00 2.525286972522735596e-01 3.703024387359619141e+00
7.204938411712646484e+00 1.002245903015136719e+00 1.027458763122558594e+01 1.473000621795654297e+01 1.788076639175415039e+00 3.091476559638977051e-01 5.930898189544677734e+00 1.797695606946945190e-01 -7.075737476348876953e+00 1.311516284942626953e+01 2.049693346023559570e+00 2.542318403720855713e-01 3.641125917434692383e+00
7.193963527679443359e+00 9.952489137649536133e-01 1.026008224487304688e+01 1.476181507110595703e+01 1.806382656097412109e+00 2.845936715602874756e-01 6.028054237365722656e+00 2.059093415737152100e-01 -7.116239547729492188e+00 1.306556415557861328e+01 2.084749937057495117e+00 2.547308206558227539e-01 3.646635770797729492e+00
7.171992778778076172e+00 1.024940490722656250e+00 1.020912933349609375e+01 1.475682640075683594e+01 1.843376994132995605e+00 2.454251348972320557e-01 5.999669551849365234e+00 2.294354736804962158e-01 -7.127694129943847656e+00 1.304185581207275391e+01 2.105643033981323242e+00 2.623924911022186279e-01 3.612510442733764648e+00
7.176980018615722656e+00 1.035176396369934082e+00 1.016646671295166016e+01 1.474217987060546875e+01 1.881413817405700684e+00 2.206381559371948242e-01 6.000026702880859375e+00 2.598421573638916016e-01 -7.123632431030273438e+00 1.297168159484863281e+01 2.142307996749877930e+00 2.667509317398071289e-01 3.545750379562377930e+00
7.102292060852050781e+00 1.032149434089660645e+00 1.014979934692382812e+01 1.472518730163574219e+01 1.893671035766601562e+00 1.933361291885375977e-01 5.973534584045410156e+00 2.800434529781341553e-01 -7.155105113983154297e+00 1.294984531402587891e+01 2.166445493698120117e+00 2.692546248435974121e-01 3.541021108627319336e+00
7.098762512207031250e+00 1.056650757789611816e+00 1.008849239349365234e+01 1.473996257781982422e+01 1.920540809631347656e+00 1.595793962478637695e-01 5.988843441009521484e+00 3.054035604000091553e-01 -7.174176216125488281e+00 1.289550018310546875e+01 2.207210302352905273e+00 2.739061713218688965e-01 3.483580112457275391e+00
7.085463523864746094e+00 1.057220220565795898e+00 1.009658718109130859e+01 1.472203350067138672e+01 1.943305492401123047e+00 1.314094215631484985e-01 5.961812973022460938e+00 3.355768620967864990e-01 -7.164254665374755859e+00 1.285232925415039062e+01 2.231260776519775391e+00 2.782086133956909180e-01 3.403910398483276367e+00
7.002359390258789062e+00 1.070870041847229004e+00 1.003355216979980469e+01 1.468320655822753906e+01 1.967716932296752930e+00 1.028352677822113037e-01 5.971028327941894531e+00 3.625408411026000977e-01 -7.204216957092285156e+00 1.281363677978515625e+01 2.260266304016113281e+00 2.810575962066650391e-01 3.471858501434326172e+00
7.032412528991699219e+00 1.094262957572937012e+00 1.001385116577148438e+01 1.465528869628906250e+01 2.023995876312255859e+00 7.525508105754852295e-02 5.944058418273925781e+00 3.811327517032623291e-01 -7.210258960723876953e+00 1.275353622436523438e+01 2.304534912109375000e+00 2.921908199787139893e-01 3.258215188980102539e+00
6.960100173950195312e+00 1.132027029991149902e+00 9.974956512451171875e+00 1.467248058319091797e+01 2.042873382568359375e+00 4.766768589615821838e-02 5.984518527984619141e+00 4.130379557609558105e-01 -7.224242210388183594e+00 1.269495105743408203e+01 2.345289230346679688e+00 2.959171831607818604e-01 3.335084915161132812e+00
6.929405212402343750e+00 1.131061196327209473e+00 9.873614311218261719e+00 1.460690116882324219e+01 2.094663858413696289e+00 1.973463781177997589e-02 5.948434352874755859e+00 4.442539811134338379e-01 -7.227758884429931641e+00 1.263938713073730469e+01 2.388568401336669922e+00 3.033837378025054932e-01 3.304741144180297852e+00
6.870709419250488281e+00 1.142367362976074219e+00 9.870767593383789062e+00 1.464612483978271484e+01 2.126298427581787109e+00 -1.195351127535104752e-02 5.912125587463378906e+00 4.689666628837585449e-01 -7.226305484771728516e+00 1.255644893646240234e+01 2.425366401672363281e+00 3.065959215164184570e-01 3.215496540069580078e+00
6.881189823150634766e+00 1.185374021530151367e+00 9.826807975769042969e+00 1.459227180480957031e+01 2.166042327880859375e+00 -4.330303519964218140e-02 5.904545307159423828e+00 4.970950186252593994e-01 -7.251168727874755859e+00 1.250159454345703125e+01 2.477087497711181641e+00 3.180248439311981201e-01 3.219658613204956055e+00
6.842306137084960938e+00 1.189469456672668457e+00 9.788622856140136719e+00 1.461989593505859375e+01 2.185773849487304688e+00 -7.422734797000885010e-02 5.952778339385986328e+00 5.204339623451232910e-01 -7.265820026397705078e+00 1.246150016784667969e+01 2.502276897430419922e+00 3.144020438194274902e-01 3.119458675384521484e+00
6.793756484985351562e+00 1.222999334335327148e+00 9.729372978210449219e+00 1.457565975189208984e+01 2.232476949691772461e+00 -1.050643846392631531e-01 5.869522571563720703e+00 5.527087450027465820e-01 -7.267151355743408203e+00 1.238338088989257812e+01 2.564249753952026367e+00 3.246614933013916016e-01 3.152623653411865234e+00
