# -1620.2555555555555|19
7.602209091186523438e+00 3.768814504146575928e-01 1.062264633178710938e+01 1.570005130767822266e+01 1.450456500053405762e+00 -2.093733549118041992e-01 6.745837688446044922e+00 -1.186674460768699646e-01 -7.642925739288330078e+00 1.394492244720458984e+01 2.304828643798828125e+00 -4.495891928672790527e-01 3.679209232330322266e+00
7.638618469238281250e+00 3.802703320980072021e-01 1.063741683959960938e+01 1.569699096679687500e+01 1.441366672515869141e+00 -1.862839907407760620e-01 6.733548641204833984e+00 -1.248624995350837708e-01 -7.645034790039062500e+00 1.397757339477539062e+01 2.285536766052246094e+00 -4.421928226947784424e-01 3.705596446990966797e+00
7.559518337249755859e+00 4.128218293190002441e-01 1.060288715362548828e+01 1.562874698638916016e+01 1.466475009918212891e+00 -1.521147042512893677e-01 6.671942710876464844e+00 -1.143406033515930176e-01 -7.630729198455810547e+00 1.388769149780273438e+01 2.278753042221069336e+00 -4.075450003147125244e-01 3.725203514099121094e+00
7.562672615051269531e+00 4.533962309360504150e-01 1.058173942565917969e+01 1.557483196258544922e+01 1.484874725341796875e+00 -1.186952739953994751e-01 6.654862880706787109e+00 -1.076802611351013184e-01 -7.576099872589111328e+00 1.383545112609863281e+01 2.264101982116699219e+00 -3.716249465942382812e-01 3.725526332855224609e+00
7.518920898437500000e+00 4.765360355377197266e-01 1.058005714416503906e+01 1.553372859954833984e+01 1.495330572128295898e+00 -8.861456066370010376e-02 6.572443008422851562e+00 -9.539312869310379028e-02 -7.577967643737792969e+00 1.383103942871093750e+01 2.239260911941528320e+00 -3.367594778537750244e-01 3.612940788269042969e+00
7.513964653015136719e+00 5.154357552528381348e-01 1.055308341979980469e+01 1.546792888641357422e+01 1.507220029830932617e+00 -6.143429502844810486e-02 6.570465087890625000e+00 -8.101717382669448853e-02 -7.553346157073974609e+00 1.377765941619873047e+01 2.221173048019409180e+00 -2.979254722595214844e-01 3.774515867233276367e+00
7.503965854644775391e+00 5.465889573097229004e-01 1.053957366943359375e+01 1.542500591278076172e+01 1.532880187034606934e+00 -2.831244096159934998e-02 6.564851284027099609e+00 -7.193921506404876709e-02 -7.500014781951904297e+00 1.374642944335937500e+01 2.213635683059692383e+00 -2.626291811466217041e-01 3.712753534317016602e+00
7.503344058990478516e+00 5.829972624778747559e-01 1.053360080718994141e+01 1.537026977539062500e+01 1.532079577445983887e+00 1.019055582582950592e-02 6.445925712585449219e+00 -6.141547113656997681e-02 -7.460203647613525391e+00 1.371999073028564453e+01 2.188512325286865234e+00 -2.265870571136474609e-01 3.751543045043945312e+00
7.506474018096923828e+00 6.088875532150268555e-01 1.051416492462158203e+01 1.533516597747802734e+01 1.550564408302307129e+00 4.268993809819221497e-02 6.414443016052246094e+00 -4.709048196673393250e-02 -7.427618980407714844e+00 1.366922473907470703e+01 2.172176599502563477e+00 -1.858096867799758911e-01 3.680018424987792969e+00
7.497235298156738281e+00 6.243128776550292969e-01 1.051649761199951172e+01 1.528134441375732422e+01 1.551911950111389160e+00 6.822238117456436157e-02 6.437526702880859375e+00 -4.416606202721595764e-02 -7.408233642578125000e+00 1.365196800231933594e+01 2.138897895812988281e+00 -1.511651277542114258e-01 3.761045455932617188e+00
7.424607276916503906e+00 6.656292676925659180e-01 1.047960090637207031e+01 1.522993183135986328e+01 1.583716273307800293e+00 9.657914191484451294e-02 6.344573020935058594e+00 -2.540841326117515564e-02 -7.368343830108642578e+00 1.358958816528320312e+01 2.127813577651977539e+00 -1.088977903127670288e-01 3.671129465103149414e+00
7.456243991851806641e+00 7.065317630767822266e-01 1.047299766540527344e+01 1.515955257415771484e+01 1.596642494201660156e+00 1.380945593118667603e-01 6.304821968078613281e+00 -1.990111730992794037e-02 -7.341097354888916016e+00 1.355278778076171875e+01 2.116550207138061523e+00 -8.027449995279312134e-02 3.758535623550415039e+00
7.403268814086914062e+00 7.307053208351135254e-01 1.045737361907958984e+01 1.511264133453369141e+01 1.606608510017395020e+00 1.689103990793228149e-01 6.306839466094970703e+00 -7.783549837768077850e-03 -7.297594070434570312e+00 1.349848651885986328e+01 2.101588010787963867e+00 -4.803160950541496277e-02 3.710203409194946289e+00
7.395634174346923828e+00 7.708359956741333008e-01 1.044021320343017578e+01 1.504115295410156250e+01 1.627851605415344238e+00 2.048417627811431885e-01 6.239012718200683594e+00 1.082033663988113403e-02 -7.269401073455810547e+00 1.345847129821777344e+01 2.078644037246704102e+00 -5.737897939980030060e-03 3.709470033645629883e+00
7.385478019714355469e+00 8.060857653617858887e-01 1.042395114898681641e+01 1.497358608245849609e+01 1.640620946884155273e+00 2.333583384752273560e-01 6.197398662567138672e+00 1.359866466373205185e-02 -7.253216743469238281e+00 1.342634010314941406e+01 2.072105407714843750e+00 3.074209019541740417e-02 3.756088733673095703e+00
7.366784095764160156e+00 8.210203647613525391e-01 1.041963195800781250e+01 1.494491767883300781e+01 1.655389666557312012e+00 2.679230570793151855e-01 6.186354637145996094e+00 2.497416362166404724e-02 -7.194408893585205078e+00 1.337596321105957031e+01 2.042482376098632812e+00 7.486596703529357910e-02 3.764384269714355469e+00
7.335265159606933594e+00 8.727299571037292480e-01 1.038110923767089844e+01 1.486960124969482422e+01 1.671893835067749023e+00 3.023106157779693604e-01 6.142806529998779297e+00 3.307877480983734131e-02 -7.155585765838623047e+00 1.334222126007080078e+01 2.035406827926635742e+00 1.092213168740272522e-01 3.707978010177612305e+00
7.281547069549560547e+00 9.043405652046203613e-01 1.035470008850097656e+01 1.480840110778808594e+01 1.684949874877929688e+00 3.391857445240020752e-01 6.113515377044677734e+00 4.501992091536521912e-02 -7.112034320831298828e+00 1.329446983337402344e+01 2.008912563323974609e+00 1.416413187980651855e-01 3.664035558700561523e+00
7.336296081542968750e+00 9.316887855529785156e-01 1.035804748535156250e+01 1.477691936492919922e+01 1.696303129196166992e+00 3.668156564235687256e-01 6.053074836730957031e+00 5.853578448295593262e-02 -7.084203720092773438e+00 1.328694438934326172e+01 1.992852807044982910e+00 1.834104061126708984e-01 3.761653184890747070e+00
7.311732769012451172e+00 9.535208940505981445e-01 1.033812904357910156e+01 1.469759273529052734e+01 1.707251310348510742e+00 3.978225290775299072e-01 5.945477008819580078e+00 6.550378352403640747e-02 -7.062673091888427734e+00 1.322639179229736328e+01 1.978737115859985352e+00 2.243360728025436401e-01 3.706438064575195312e+00
7.254406452178955078e+00 9.962351918220520020e-01 1.033233642578125000e+01 1.467597198486328125e+01 1.724630832672119141e+00 4.347681105136871338e-01 5.966273307800292969e+00 7.622582465410232544e-02 -7.010228633880615234e+00 1.319310283660888672e+01 1.963515043258666992e+00 2.507536709308624268e-01 3.729918718338012695e+00
7.265852451324462891e+00 1.035081028938293457e+00 1.029763221740722656e+01 1.459111976623535156e+01 1.737482309341430664e+00 4.715350568294525146e-01 5.869921684265136719e+00 9.230301529169082642e-02 -6.989350795745849609e+00 1.316169929504394531e+01 1.938996911048889160e+00 2.910348176956176758e-01 3.733919143676757812e+00
7.256116867065429688e+00 1.048796772956848145e+00 1.031775951385498047e+01 1.452817249298095703e+01 1.745040416717529297e+00 5.067514777183532715e-01 5.854887008666992188e+00 1.022984310984611511e-01 -6.946541786193847656e+00 1.311774635314941406e+01 1.917868375778198242e+00 3.309282362461090088e-01 3.681249380111694336e+00
7.246524333953857422e+00 1.086504936218261719e+00 1.029475021362304688e+01 1.448049354553222656e+01 1.762556076049804688e+00 5.355258584022521973e-01 5.865311145782470703e+00 1.118339076638221741e-01 -6.913974761962890625e+00 1.306939220428466797e+01 1.900490045547485352e+00 3.729940652847290039e-01 3.724644899368286133e+00
7.189641475677490234e+00 1.114385962486267090e+00 1.027206707000732422e+01 1.444698333740234375e+01 1.768254399299621582e+00 5.752965807914733887e-01 5.799794673919677734e+00 1.248417049646377563e-01 -6.872638225555419922e+00 1.305472469329833984e+01 1.867000341415405273e+00 3.968873918056488037e-01 3.769911050796508789e+00
7.192433834075927734e+00 1.139857292175292969e+00 1.027359390258789062e+01 1.441879177093505859e+01 1.779207110404968262e+00 5.950784683227539062e-01 5.766199588775634766e+00 1.304868906736373901e-01 -6.843961238861083984e+00 1.301447010040283203e+01 1.861419558525085449e+00 4.386036098003387451e-01 3.786657810211181641e+00
7.181099891662597656e+00 1.175181388854980469e+00 1.027236557006835938e+01 1.436292266845703125e+01 1.789085268974304199e+00 6.352362036705017090e-01 5.714241504669189453e+00 1.470154225826263428e-01 -6.817904949188232422e+00 1.299983406066894531e+01 1.822216987609863281e+00 4.794424474239349365e-01 3.758145332336425781e+00
7.190751075744628906e+00 1.181560516357421875e+00 1.027650928497314453e+01 1.434334945678710938e+01 1.794199228286743164e+00 6.596529483795166016e-01 5.791150569915771484e+00 1.546692550182342529e-01 -6.785030364990234375e+00 1.295471286773681641e+01 1.804175019264221191e+00 5.067863464355468750e-01 3.708637475967407227e+00
7.181993484497070312e+00 1.225252032279968262e+00 1.025559616088867188e+01 1.427856159210205078e+01 1.815577745437622070e+00 6.914283633232116699e-01 5.627304077148437500e+00 1.656869053840637207e-01 -6.752488613128662109e+00 1.290914726257324219e+01 1.786714434623718262e+00 5.452975034713745117e-01 3.709935426712036133e+00
7.182299613952636719e+00 1.251302957534790039e+00 1.024985599517822266e+01 1.422870063781738281e+01 1.823205471038818359e+00 7.293746471405029297e-01 5.604034423828125000e+00 1.815454512834548950e-01 -6.717483520507812500e+00 1.290004062652587891e+01 1.762614965438842773e+00 5.870279073715209961e-01 3.779187679290771484e+00
7.130841255187988281e+00 1.283863902091979980e+00 1.023412895202636719e+01 1.413666248321533203e+01 1.859439849853515625e+00 7.679694294929504395e-01 5.583356380462646484e+00 1.883794069290161133e-01 -6.680631637573242188e+00 1.282321166992187500e+01 1.757527351379394531e+00 6.202766299247741699e-01 3.794109344482421875e+00
7.094802379608154297e+00 1.316157221794128418e+00 1.021128559112548828e+01 1.410454463958740234e+01 1.855353116989135742e+00 7.954602241516113281e-01 5.522924900054931641e+00 1.974071115255355835e-01 -6.642546653747558594e+00 1.280474662780761719e+01 1.739245891571044922e+00 6.615161895751953125e-01 3.740823984146118164e+00
7.109827995300292969e+00 1.350198268890380859e+00 1.019254016876220703e+01 1.405612182617187500e+01 1.865754485130310059e+00 8.224982023239135742e-01 5.486482143402099609e+00 2.060623466968536377e-01 -6.607609272003173828e+00 1.275589561462402344e+01 1.721164345741271973e+00 6.958531141281127930e-01 3.789342164993286133e+00
7.075891971588134766e+00 1.388184905052185059e+00 1.016366767883300781e+01 1.400837039947509766e+01 1.889489769935607910e+00 8.687941431999206543e-01 5.399589061737060547e+00 2.247420251369476318e-01 -6.572052955627441406e+00 1.271615886688232422e+01 1.701677441596984863e+00 7.451813817024230957e-01 3.773827314376831055e+00
7.016160488128662109e+00 1.432285070419311523e+00 1.012449455261230469e+01 1.390861606597900391e+01 1.908575654029846191e+00 8.951588273048400879e-01 5.355910301208496094e+00 2.339939475059509277e-01 -6.539148330688476562e+00 1.264475345611572266e+01 1.708088755607604980e+00 7.818352580070495605e-01 3.804127216339111328e+00
7.007565498352050781e+00 1.466735959053039551e+00 1.010050392150878906e+01 1.385770416259765625e+01 1.927664518356323242e+00 9.343280792236328125e-01 5.326834201812744141e+00 2.443192750215530396e-01 -6.506147384643554688e+00 1.260025215148925781e+01 1.692624211311340332e+00 8.196805119514465332e-01 3.636661767959594727e+00
7.005046844482421875e+00 1.509218215942382812e+00 1.008127498626708984e+01 1.378613662719726562e+01 1.950926780700683594e+00 9.671157002449035645e-01 5.294378280639648438e+00 2.503555417060852051e-01 -6.468524932861328125e+00 1.253718471527099609e+01 1.665337324142456055e+00 8.529678583145141602e-01 3.673096895217895508e+00
7.007389068603515625e+00 1.549599885940551758e+00 1.006038093566894531e+01 1.372536754608154297e+01 1.975690841674804688e+00 1.001869559288024902e+00 5.200688838958740234e+00 2.705261707305908203e-01 -6.431020259857177734e+00 1.249413013458251953e+01 1.652820348739624023e+00 8.935304284095764160e-01 3.731626510620117188e+00
6.965386390686035156e+00 1.576645135879516602e+00 1.005731678009033203e+01 1.369106101989746094e+01 1.988896131515502930e+00 1.030617713928222656e+00 5.234635353088378906e+00 2.787629365921020508e-01 -6.405676841735839844e+00 1.246378517150878906e+01 1.637093901634216309e+00 9.376135468482971191e-01 3.780875921249389648e+00
