# 1000.8629629629629|19
7.992644309997558594e+00 3.792747259140014648e-01 1.123738765716552734e+01 1.561130809783935547e+01 2.003503799438476562e+00 -2.116470336914062500e-01 5.878476142883300781e+00 5.881661176681518555e-01 -7.667369842529296875e+00 1.394931125640869141e+01 1.757761120796203613e+00 -3.709348440170288086e-01 4.234371662139892578e+00
7.980599403381347656e+00 4.151445627212524414e-01 1.121717357635498047e+01 1.559093761444091797e+01 1.984130740165710449e+00 -1.956946700811386108e-01 5.926374435424804688e+00 5.653312802314758301e-01 -7.677568435668945312e+00 1.392408275604248047e+01 1.747264027595520020e+00 -3.372932970523834229e-01 4.299766540527343750e+00
7.886717796325683594e+00 4.488858580589294434e-01 1.115756416320800781e+01 1.551723194122314453e+01 1.977024078369140625e+00 -1.621850579977035522e-01 5.870144367218017578e+00 5.377789139747619629e-01 -7.642903804779052734e+00 1.387564086914062500e+01 1.769918560981750488e+00 -2.924034893512725830e-01 4.222856998443603516e+00
7.858220577239990234e+00 4.721198081970214844e-01 1.112830448150634766e+01 1.548596477508544922e+01 1.959223866462707520e+00 -1.344044357538223267e-01 5.946773052215576172e+00 5.107883810997009277e-01 -7.633886814117431641e+00 1.383009338378906250e+01 1.770000934600830078e+00 -2.718767225742340088e-01 4.225741863250732422e+00
7.888407707214355469e+00 5.015337467193603516e-01 1.109844970703125000e+01 1.546131134033203125e+01 1.930083036422729492e+00 -9.879729896783828735e-02 5.982309818267822266e+00 4.864380657672882080e-01 -7.624181747436523438e+00 1.383203125000000000e+01 1.773435115814208984e+00 -2.391076982021331787e-01 4.106664657592773438e+00
7.861745834350585938e+00 5.201663374900817871e-01 1.106818580627441406e+01 1.543162155151367188e+01 1.902055740356445312e+00 -6.649977713823318481e-02 5.939598083496093750e+00 4.559119641780853271e-01 -7.597052574157714844e+00 1.379856681823730469e+01 1.788907289505004883e+00 -2.147847563028335571e-01 4.225213050842285156e+00
7.766445636749267578e+00 5.389389991760253906e-01 1.102841186523437500e+01 1.539226055145263672e+01 1.888017773628234863e+00 -3.526176884770393372e-02 5.963403701782226562e+00 4.280144870281219482e-01 -7.566624641418457031e+00 1.377084922790527344e+01 1.788163304328918457e+00 -1.752164810895919800e-01 4.213925838470458984e+00
7.774784088134765625e+00 5.662832260131835938e-01 1.099058246612548828e+01 1.534273529052734375e+01 1.871684908866882324e+00 -6.198236253112554550e-03 5.988019943237304688e+00 3.918394446372985840e-01 -7.524607181549072266e+00 1.374077987670898438e+01 1.796979665756225586e+00 -1.415811628103256226e-01 4.187533378601074219e+00
7.696437358856201172e+00 5.951254963874816895e-01 1.094781112670898438e+01 1.532058525085449219e+01 1.850069046020507812e+00 2.298621460795402527e-02 5.961509227752685547e+00 3.699352443218231201e-01 -7.503798961639404297e+00 1.370965099334716797e+01 1.799396276473999023e+00 -1.083090603351593018e-01 3.987538814544677734e+00
7.664039611816406250e+00 6.171815991401672363e-01 1.092662239074707031e+01 1.530394840240478516e+01 1.825210809707641602e+00 6.060656160116195679e-02 5.995841503143310547e+00 3.424891233444213867e-01 -7.459800243377685547e+00 1.368403816223144531e+01 1.810260891914367676e+00 -7.716310769319534302e-02 4.013743400573730469e+00
7.708718776702880859e+00 6.461306214332580566e-01 1.090157890319824219e+01 1.525111484527587891e+01 1.809354662895202637e+00 8.948804438114166260e-02 6.044550895690917969e+00 3.230791985988616943e-01 -7.432600021362304688e+00 1.364447021484375000e+01 1.822598457336425781e+00 -4.072640836238861084e-02 3.959681510925292969e+00
7.616129875183105469e+00 6.880110502243041992e-01 1.081086730957031250e+01 1.520057487487792969e+01 1.792327880859375000e+00 1.191926226019859314e-01 5.945116519927978516e+00 2.925870418548583984e-01 -7.401311874389648438e+00 1.360637474060058594e+01 1.837097525596618652e+00 -5.273763556033372879e-03 3.960027456283569336e+00
7.591309070587158203e+00 7.157492637634277344e-01 1.077201461791992188e+01 1.516719341278076172e+01 1.759183764457702637e+00 1.547794938087463379e-01 6.042138576507568359e+00 2.626507282257080078e-01 -7.355169773101806641e+00 1.355379581451416016e+01 1.841438651084899902e+00 2.039551734924316406e-02 3.935398340225219727e+00
7.510763168334960938e+00 7.385330796241760254e-01 1.073987483978271484e+01 1.510819721221923828e+01 1.756421327590942383e+00 1.906259804964065552e-01 5.996306896209716797e+00 2.381135672330856323e-01 -7.324331283569335938e+00 1.352289676666259766e+01 1.848717927932739258e+00 5.524355918169021606e-02 3.954459905624389648e+00
7.494443416595458984e+00 7.607045769691467285e-01 1.071468448638916016e+01 1.506945228576660156e+01 1.732326745986938477e+00 2.257427424192428589e-01 6.073669433593750000e+00 2.097724527120590210e-01 -7.289201259613037109e+00 1.349892044067382812e+01 1.843746900558471680e+00 8.975066989660263062e-02 3.702288866043090820e+00
7.444173812866210938e+00 8.026063442230224609e-01 1.064651966094970703e+01 1.499512195587158203e+01 1.729135751724243164e+00 2.650196552276611328e-01 6.013463973999023438e+00 1.861454993486404419e-01 -7.264590263366699219e+00 1.343980407714843750e+01 1.864805579185485840e+00 1.215091571211814880e-01 3.944358348846435547e+00
7.366517543792724609e+00 8.446547985076904297e-01 1.056459999084472656e+01 1.493178367614746094e+01 1.716952681541442871e+00 2.990583479404449463e-01 5.976143360137939453e+00 1.519767194986343384e-01 -7.229398727416992188e+00 1.335942459106445312e+01 1.893310785293579102e+00 1.586621850728988647e-01 3.749436616897583008e+00
7.309597492218017578e+00 8.904212117195129395e-01 1.050902557373046875e+01 1.482186698913574219e+01 1.719545841217041016e+00 3.304757773876190186e-01 5.997923374176025391e+00 1.232967674732208252e-01 -7.177670955657958984e+00 1.330292701721191406e+01 1.921114802360534668e+00 1.888329088687896729e-01 3.809600591659545898e+00
7.221195697784423828e+00 9.285159707069396973e-01 1.047212028503417969e+01 1.481964588165283203e+01 1.684057235717773438e+00 3.698603510856628418e-01 5.994428634643554688e+00 9.106243401765823364e-02 -7.131055355072021484e+00 1.326368904113769531e+01 1.934661030769348145e+00 2.388322651386260986e-01 3.743057727813720703e+00
7.288880348205566406e+00 9.096376299858093262e-01 1.048153305053710938e+01 1.482202911376953125e+01 1.651500940322875977e+00 3.928996324539184570e-01 6.050874710083007812e+00 7.435180246829986572e-02 -7.102804183959960938e+00 1.329620742797851562e+01 1.911881566047668457e+00 2.520594298839569092e-01 3.677091598510742188e+00
7.112952232360839844e+00 9.982574582099914551e-01 1.033314704895019531e+01 1.465403366088867188e+01 1.684601783752441406e+00 4.420856833457946777e-01 5.959815979003906250e+00 3.638060018420219421e-02 -7.045362472534179688e+00 1.317187690734863281e+01 1.973518133163452148e+00 2.968045771121978760e-01 3.619745016098022461e+00
7.066555500030517578e+00 1.038450360298156738e+00 1.026965999603271484e+01 1.459632682800292969e+01 1.683463692665100098e+00 4.756019711494445801e-01 6.013699531555175781e+00 7.126263808459043503e-03 -6.986980438232421875e+00 1.313613700866699219e+01 1.976257801055908203e+00 3.360669016838073730e-01 3.562247037887573242e+00
7.029021739959716797e+00 1.048630237579345703e+00 1.025960445404052734e+01 1.458660507202148438e+01 1.642767071723937988e+00 5.030471086502075195e-01 5.978206634521484375e+00 -1.963137462735176086e-02 -6.949909210205078125e+00 1.310493087768554688e+01 1.981191992759704590e+00 3.634608983993530273e-01 3.357408761978149414e+00
6.970325469970703125e+00 1.088581562042236328e+00 1.020287132263183594e+01 1.455690193176269531e+01 1.633089184761047363e+00 5.412244796752929688e-01 5.999863147735595703e+00 -4.966685548424720764e-02 -6.912816524505615234e+00 1.304244041442871094e+01 1.994695067405700684e+00 4.069584012031555176e-01 3.497612476348876953e+00
6.992444515228271484e+00 1.104826092720031738e+00 1.016471385955810547e+01 1.453252315521240234e+01 1.600899934768676758e+00 5.796175003051757812e-01 6.017918109893798828e+00 -7.834039628505706787e-02 -6.874791622161865234e+00 1.303412342071533203e+01 1.995786428451538086e+00 4.373445808887481689e-01 3.505995273590087891e+00
6.948446750640869141e+00 1.127282500267028809e+00 1.013624382019042969e+01 1.446056079864501953e+01 1.571712851524353027e+00 6.071143746376037598e-01 6.012418746948242188e+00 -1.027047485113143921e-01 -6.840843200683593750e+00 1.300679779052734375e+01 2.004036903381347656e+00 4.613128304481506348e-01 3.568953990936279297e+00
6.938714504241943359e+00 1.139130592346191406e+00 1.011108875274658203e+01 1.442527866363525391e+01 1.546118617057800293e+00 6.410514116287231445e-01 6.044690608978271484e+00 -1.354297399520874023e-01 -6.809282302856445312e+00 1.297663784027099609e+01 2.000982761383056641e+00 5.044654011726379395e-01 3.437716722488403320e+00
6.865276813507080078e+00 1.171960830688476562e+00 1.004989242553710938e+01 1.436301040649414062e+01 1.537406444549560547e+00 6.748151183128356934e-01 6.037314891815185547e+00 -1.545176655054092407e-01 -6.768003463745117188e+00 1.293823719024658203e+01 2.011305332183837891e+00 5.322232842445373535e-01 3.318087577819824219e+00
6.852636337280273438e+00 1.202219724655151367e+00 1.002098274230957031e+01 1.433704662322998047e+01 1.523990631103515625e+00 7.137430310249328613e-01 6.071169853210449219e+00 -1.854612529277801514e-01 -6.749385833740234375e+00 1.292696285247802734e+01 2.023612737655639648e+00 5.605711936950683594e-01 3.447838306427001953e+00
6.789772033691406250e+00 1.261735916137695312e+00 9.922328948974609375e+00 1.421776962280273438e+01 1.535197854042053223e+00 7.399464249610900879e-01 6.010989189147949219e+00 -2.171495109796524048e-01 -6.716135501861572266e+00 1.280735874176025391e+01 2.061922311782836914e+00 6.042696833610534668e-01 3.394078016281127930e+00
6.723101615905761719e+00 1.281526565551757812e+00 9.912166595458984375e+00 1.419952392578125000e+01 1.491980195045471191e+00 7.861416935920715332e-01 6.040787696838378906e+00 -2.403718382120132446e-01 -6.678868770599365234e+00 1.282064819335937500e+01 2.064508199691772461e+00 6.354961991310119629e-01 3.313130378723144531e+00
6.662609577178955078e+00 1.326939702033996582e+00 9.845643043518066406e+00 1.412527179718017578e+01 1.492358207702636719e+00 8.118417263031005859e-01 6.087226867675781250e+00 -2.750232517719268799e-01 -6.635965824127197266e+00 1.274749279022216797e+01 2.081932544708251953e+00 6.704659461975097656e-01 3.385938882827758789e+00
6.609736919403076172e+00 1.360308289527893066e+00 9.773162841796875000e+00 1.408807563781738281e+01 1.479702115058898926e+00 8.434490561485290527e-01 6.018695354461669922e+00 -3.021171092987060547e-01 -6.602000236511230469e+00 1.269820594787597656e+01 2.100052595138549805e+00 7.076242566108703613e-01 3.249334335327148438e+00
6.601021766662597656e+00 1.398715496063232422e+00 9.734500885009765625e+00 1.402189826965332031e+01 1.472311139106750488e+00 8.856174945831298828e-01 6.026778221130371094e+00 -3.300437033176422119e-01 -6.574801445007324219e+00 1.264986896514892578e+01 2.124333143234252930e+00 7.350288033485412598e-01 3.111505746841430664e+00
6.528117656707763672e+00 1.429100871086120605e+00 9.673526763916015625e+00 1.394223880767822266e+01 1.449177503585815430e+00 9.102213978767395020e-01 5.986730098724365234e+00 -3.580715954303741455e-01 -6.545048713684082031e+00 1.260853004455566406e+01 2.134111642837524414e+00 7.735119462013244629e-01 3.115301370620727539e+00
6.488441944122314453e+00 1.468996405601501465e+00 9.630449295043945312e+00 1.391464614868164062e+01 1.437948226928710938e+00 9.574819803237915039e-01 6.021674633026123047e+00 -3.868466913700103760e-01 -6.519654750823974609e+00 1.256599807739257812e+01 2.142835617065429688e+00 8.035737872123718262e-01 3.161047458648681641e+00
6.503013134002685547e+00 1.494896531105041504e+00 9.594771385192871094e+00 1.388105869293212891e+01 1.416142940521240234e+00 9.928116798400878906e-01 6.021063804626464844e+00 -4.130266904830932617e-01 -6.498596191406250000e+00 1.252182674407958984e+01 2.145850896835327148e+00 8.415766954421997070e-01 3.168939113616943359e+00
6.371931076049804688e+00 1.534768939018249512e+00 9.521914482116699219e+00 1.384972286224365234e+01 1.412517189979553223e+00 1.033255696296691895e+00 6.009277343750000000e+00 -4.484320878982543945e-01 -6.478477478027343750e+00 1.247645950317382812e+01 2.177698135375976562e+00 8.776830434799194336e-01 3.105904340744018555e+00
6.398157119750976562e+00 1.546169877052307129e+00 9.534774780273437500e+00 1.379205513000488281e+01 1.367504239082336426e+00 1.058100461959838867e+00 6.116083621978759766e+00 -4.683532118797302246e-01 -6.426810741424560547e+00 1.249974632263183594e+01 2.147933006286621094e+00 9.032170772552490234e-01 3.110765933990478516e+00
