# 2816.659259259259|19
6.416676521301269531e+00 1.318225026130676270e+00 9.461144447326660156e+00 1.379951858520507812e+01 2.076515436172485352e+00 1.067446112632751465e+00 6.076463222503662109e+00 -4.551333189010620117e-01 -6.677229881286621094e+00 1.245996284484863281e+01 1.966964364051818848e+00 9.048662185668945312e-01 3.059877157211303711e+00
6.415213584899902344e+00 1.266741752624511719e+00 9.538434028625488281e+00 1.389241981506347656e+01 2.050017833709716797e+00 1.036501169204711914e+00 6.143259048461914062e+00 -4.310388863086700439e-01 -6.707929611206054688e+00 1.251000118255615234e+01 1.957857966423034668e+00 8.651741743087768555e-01 3.076160192489624023e+00
6.494568824768066406e+00 1.260079264640808105e+00 9.588233947753906250e+00 1.393428134918212891e+01 2.030136346817016602e+00 1.014202594757080078e+00 6.029298305511474609e+00 -4.120073318481445312e-01 -6.721026420593261719e+00 1.256245899200439453e+01 1.939982891082763672e+00 8.297914862632751465e-01 2.998850345611572266e+00
6.528895854949951172e+00 1.222075581550598145e+00 9.634905815124511719e+00 1.397980308532714844e+01 2.002436161041259766e+00 9.798171520233154297e-01 6.082085609436035156e+00 -3.901734352111816406e-01 -6.708536624908447266e+00 1.261795520782470703e+01 1.936176657676696777e+00 7.971277832984924316e-01 3.166972160339355469e+00
6.561006546020507812e+00 1.206927657127380371e+00 9.678196907043457031e+00 1.402979660034179688e+01 1.991380095481872559e+00 9.451534152030944824e-01 6.065475940704345703e+00 -3.587493896484375000e-01 -6.718616008758544922e+00 1.265366744995117188e+01 1.937672853469848633e+00 7.644153833389282227e-01 3.218967914581298828e+00
6.526977062225341797e+00 1.214419126510620117e+00 9.698175430297851562e+00 1.402770137786865234e+01 1.993633747100830078e+00 9.102632403373718262e-01 6.058982849121093750e+00 -3.308252096176147461e-01 -6.764327049255371094e+00 1.266905212402343750e+01 1.953404545783996582e+00 7.468082308769226074e-01 3.193773746490478516e+00
6.624935626983642578e+00 1.207845449447631836e+00 9.725279808044433594e+00 1.407701301574707031e+01 1.971957206726074219e+00 8.765867352485656738e-01 6.057377815246582031e+00 -3.050721883773803711e-01 -6.792525291442871094e+00 1.267169189453125000e+01 1.958735346794128418e+00 7.238284349441528320e-01 3.180246829986572266e+00
6.637799739837646484e+00 1.211932897567749023e+00 9.725364685058593750e+00 1.409116268157958984e+01 1.977424979209899902e+00 8.435394167900085449e-01 5.946196556091308594e+00 -2.776874601840972900e-01 -6.744478702545166016e+00 1.269238662719726562e+01 1.966305613517761230e+00 6.931270360946655273e-01 3.238346338272094727e+00
6.647469997406005859e+00 1.189246773719787598e+00 9.788878440856933594e+00 1.413065242767333984e+01 1.960700988769531250e+00 8.146405220031738281e-01 5.983964920043945312e+00 -2.586089372634887695e-01 -6.783154487609863281e+00 1.271689796447753906e+01 1.978681206703186035e+00 6.506844758987426758e-01 3.257463932037353516e+00
6.658865451812744141e+00 1.167157888412475586e+00 9.836797714233398438e+00 1.412809753417968750e+01 1.936125755310058594e+00 7.756006121635437012e-01 6.001278400421142578e+00 -2.317240387201309204e-01 -6.815354347229003906e+00 1.273881626129150391e+01 1.982207417488098145e+00 6.230415701866149902e-01 3.250794887542724609e+00
6.704393386840820312e+00 1.175924181938171387e+00 9.879469871520996094e+00 1.420981121063232422e+01 1.914220213890075684e+00 7.462444901466369629e-01 5.983671188354492188e+00 -2.003929615020751953e-01 -6.855871677398681641e+00 1.279011917114257812e+01 1.984018087387084961e+00 5.903046131134033203e-01 3.175519466400146484e+00
6.783733367919921875e+00 1.120295047760009766e+00 9.972699165344238281e+00 1.427162742614746094e+01 1.866087675094604492e+00 7.053587436676025391e-01 6.034845829010009766e+00 -1.738899946212768555e-01 -6.894030570983886719e+00 1.284969711303710938e+01 1.973676443099975586e+00 5.640190839767456055e-01 3.343264341354370117e+00
6.826395988464355469e+00 1.095229864120483398e+00 1.001421070098876953e+01 1.434736061096191406e+01 1.855035901069641113e+00 6.718782186508178711e-01 6.087088108062744141e+00 -1.392742395401000977e-01 -6.938909530639648438e+00 1.291882133483886719e+01 1.963280320167541504e+00 5.263092517852783203e-01 3.432360887527465820e+00
6.872924327850341797e+00 1.074166417121887207e+00 1.007962799072265625e+01 1.441568946838378906e+01 1.817423343658447266e+00 6.437253952026367188e-01 5.947638988494873047e+00 -1.113050952553749084e-01 -6.952902317047119141e+00 1.296298980712890625e+01 1.955399155616760254e+00 4.835776388645172119e-01 3.493107318878173828e+00
6.999514579772949219e+00 1.028036117553710938e+00 1.016796588897705078e+01 1.451567363739013672e+01 1.764411807060241699e+00 5.959405899047851562e-01 6.042437553405761719e+00 -8.497048914432525635e-02 -6.979889392852783203e+00 1.306007766723632812e+01 1.929093122482299805e+00 4.460972845554351807e-01 3.310623168945312500e+00
7.050637245178222656e+00 1.010131835937500000e+00 1.022213554382324219e+01 1.456942749023437500e+01 1.744914889335632324e+00 5.627477765083312988e-01 6.072894573211669922e+00 -5.645655840635299683e-02 -7.014214515686035156e+00 1.311074733734130859e+01 1.912555217742919922e+00 4.114506542682647705e-01 3.575563192367553711e+00
7.120291709899902344e+00 9.652094244956970215e-01 1.031616973876953125e+01 1.463249874114990234e+01 1.697237730026245117e+00 5.194703340530395508e-01 6.071446418762207031e+00 -2.869261056184768677e-02 -7.041729450225830078e+00 1.317400741577148438e+01 1.907840967178344727e+00 3.865251839160919189e-01 3.662536621093750000e+00
7.143169879913330078e+00 9.652855992317199707e-01 1.032705497741699219e+01 1.466504478454589844e+01 1.687799334526062012e+00 4.956294894218444824e-01 6.050497055053710938e+00 -3.422640729695558548e-03 -7.012094974517822266e+00 1.321201419830322266e+01 1.916447043418884277e+00 3.506992757320404053e-01 3.729858398437500000e+00
7.172127246856689453e+00 9.313553571701049805e-01 1.036317634582519531e+01 1.471289825439453125e+01 1.681284904479980469e+00 4.685666263103485107e-01 6.059263706207275391e+00 1.747458986937999725e-02 -7.020724296569824219e+00 1.323220634460449219e+01 1.905736207962036133e+00 3.131578862667083740e-01 3.755823135375976562e+00
7.207619667053222656e+00 9.630155563354492188e-01 1.036903476715087891e+01 1.469274425506591797e+01 1.677086830139160156e+00 4.351976513862609863e-01 5.999886512756347656e+00 4.374811053276062012e-02 -7.014968872070312500e+00 1.323882102966308594e+01 1.925107240676879883e+00 2.911137938499450684e-01 3.738183259963989258e+00
7.257544994354248047e+00 9.391127228736877441e-01 1.041269779205322266e+01 1.475755882263183594e+01 1.642693042755126953e+00 4.076486527919769287e-01 5.978924274444580078e+00 7.300630956888198853e-02 -7.043841838836669922e+00 1.326927566528320312e+01 1.934985876083374023e+00 2.545433938503265381e-01 3.689912080764770508e+00
7.261557102203369141e+00 9.133766889572143555e-01 1.048627567291259766e+01 1.476828765869140625e+01 1.648134946823120117e+00 3.688791692256927490e-01 5.966629981994628906e+00 9.612037986516952515e-02 -7.065452575683593750e+00 1.330763912200927734e+01 1.932391762733459473e+00 2.229641526937484741e-01 3.745101213455200195e+00
7.291909694671630859e+00 9.025439023971557617e-01 1.052758121490478516e+01 1.480361652374267578e+01 1.608384251594543457e+00 3.283875286579132080e-01 6.010024547576904297e+00 1.240151152014732361e-01 -7.080712795257568359e+00 1.332884407043457031e+01 1.935286521911621094e+00 1.936203986406326294e-01 3.799062967300415039e+00
7.301999568939208984e+00 8.931518197059631348e-01 1.053851890563964844e+01 1.487406826019287109e+01 1.605564713478088379e+00 2.966546118259429932e-01 6.037454605102539062e+00 1.508451700210571289e-01 -7.097398757934570312e+00 1.334610462188720703e+01 1.945418596267700195e+00 1.658853441476821899e-01 3.763155221939086914e+00
7.337836742401123047e+00 8.887181878089904785e-01 1.058773708343505859e+01 1.490831375122070312e+01 1.582359790802001953e+00 2.644945085048675537e-01 5.971761703491210938e+00 1.761895716190338135e-01 -7.142234802246093750e+00 1.340306091308593750e+01 1.952247023582458496e+00 1.321160942316055298e-01 3.823160648345947266e+00
7.395112037658691406e+00 8.684404492378234863e-01 1.064375495910644531e+01 1.498016071319580078e+01 1.559120297431945801e+00 2.332571744918823242e-01 5.982997417449951172e+00 2.024385482072830200e-01 -7.148694992065429688e+00 1.342927837371826172e+01 1.941889643669128418e+00 9.647140651941299438e-02 3.846951246261596680e+00
7.483059406280517578e+00 8.562854528427124023e-01 1.070345020294189453e+01 1.499886417388916016e+01 1.543155908584594727e+00 1.984373033046722412e-01 5.936522006988525391e+00 2.296991646289825439e-01 -7.173580169677734375e+00 1.348333930969238281e+01 1.957926154136657715e+00 7.406754046678543091e-02 3.876724481582641602e+00
7.496129035949707031e+00 8.383070826530456543e-01 1.074736785888671875e+01 1.507500076293945312e+01 1.514164805412292480e+00 1.535265594720840454e-01 5.971927642822265625e+00 2.609435617923736572e-01 -7.197705268859863281e+00 1.349853229522705078e+01 1.949060201644897461e+00 2.277147583663463593e-02 4.009012222290039062e+00
7.558704853057861328e+00 7.341576814651489258e-01 1.091708469390869141e+01 1.526624870300292969e+01 1.416193604469299316e+00 1.084247305989265442e-01 6.057754516601562500e+00 2.933409512042999268e-01 -7.293568134307861328e+00 1.368646526336669922e+01 1.878504395484924316e+00 -1.522376574575901031e-02 4.014541149139404297e+00
7.537669658660888672e+00 7.917520403861999512e-01 1.084486103057861328e+01 1.516688060760498047e+01 1.466127514839172363e+00 8.969393372535705566e-02 5.924317836761474609e+00 3.216046392917633057e-01 -7.232386112213134766e+00 1.361936473846435547e+01 1.944790005683898926e+00 -3.018194623291492462e-02 4.000490188598632812e+00
7.622205257415771484e+00 7.469702363014221191e-01 1.091608047485351562e+01 1.526098823547363281e+01 1.419671654701232910e+00 4.914418607950210571e-02 5.946978569030761719e+00 3.417483568191528320e-01 -7.271750926971435547e+00 1.369056129455566406e+01 1.926554918289184570e+00 -8.119369298219680786e-02 4.072911739349365234e+00
7.669227600097656250e+00 7.450591921806335449e-01 1.095999336242675781e+01 1.526716232299804688e+01 1.411704421043395996e+00 1.921407878398895264e-02 5.937613487243652344e+00 3.695838749408721924e-01 -7.293971061706542969e+00 1.369765186309814453e+01 1.933117628097534180e+00 -1.066143736243247986e-01 4.123450756072998047e+00
7.707197189331054688e+00 7.283932566642761230e-01 1.100419425964355469e+01 1.534361743927001953e+01 1.381201028823852539e+00 -1.859454251825809479e-02 5.921935081481933594e+00 3.955495357513427734e-01 -7.307325363159179688e+00 1.373130035400390625e+01 1.943714976310729980e+00 -1.350105702877044678e-01 4.161933898925781250e+00
7.736819267272949219e+00 7.072225809097290039e-01 1.107304573059082031e+01 1.535032463073730469e+01 1.368497610092163086e+00 -4.914271458983421326e-02 5.905817985534667969e+00 4.244992733001708984e-01 -7.318519115447998047e+00 1.379755496978759766e+01 1.935441255569458008e+00 -1.707317084074020386e-01 4.121057510375976562e+00
7.773560523986816406e+00 6.755989193916320801e-01 1.113978004455566406e+01 1.545461654663085938e+01 1.330003857612609863e+00 -8.264248073101043701e-02 5.994625568389892578e+00 4.477840960025787354e-01 -7.350709438323974609e+00 1.385503673553466797e+01 1.925052642822265625e+00 -2.037702798843383789e-01 4.237068176269531250e+00
7.822098731994628906e+00 6.754250526428222656e-01 1.116754436492919922e+01 1.546853160858154297e+01 1.318785548210144043e+00 -1.207385882735252380e-01 5.944940090179443359e+00 4.745782315731048584e-01 -7.369775295257568359e+00 1.391742134094238281e+01 1.920590996742248535e+00 -2.429400384426116943e-01 4.240060806274414062e+00
7.872910976409912109e+00 6.408322453498840332e-01 1.122511768341064453e+01 1.553493690490722656e+01 1.295115351676940918e+00 -1.493372321128845215e-01 5.998121738433837891e+00 5.027768611907958984e-01 -7.380051136016845703e+00 1.393883228302001953e+01 1.915889859199523926e+00 -2.667675912380218506e-01 4.295448780059814453e+00
7.906803131103515625e+00 6.363310813903808594e-01 1.130015850067138672e+01 1.560057067871093750e+01 1.272929668426513672e+00 -1.927038580179214478e-01 5.896379947662353516e+00 5.366047024726867676e-01 -7.397033214569091797e+00 1.397064018249511719e+01 1.930141806602478027e+00 -2.994183599948883057e-01 4.252196311950683594e+00
7.997270584106445312e+00 6.017269492149353027e-01 1.136182975769042969e+01 1.565792655944824219e+01 1.234430909156799316e+00 -2.304287701845169067e-01 5.994225978851318359e+00 5.588198304176330566e-01 -7.427859783172607422e+00 1.407446956634521484e+01 1.908600449562072754e+00 -3.409236371517181396e-01 4.371084213256835938e+00
