# -4774.305555555556|19
9.240509867668151855e-01 1.834693998098373413e-01 -6.565196812152862549e-02 -2.435502596199512482e-02 2.308889627456665039e-01 -1.154051944613456726e-01 1.583491683006286621e+00 1.360150873661041260e-01 4.300952255725860596e-01 -2.852441668510437012e-01 1.161153335124254227e-02 1.315224468708038330e-01 -5.749690532684326172e-01 -2.296013593673706055e+00 -6.769278049468994141e-01 7.509154081344604492e-01 5.598191618919372559e-01 -6.367630958557128906e-01 -2.941052615642547607e-01 1.312861323356628418e+00 -1.298330307006835938e+00 2.443040609359741211e-01 -1.056325197219848633e+00 -2.350182056427001953e+00 7.851655781269073486e-02 -2.043119370937347412e-01
6.066932678222656250e-01 8.026553392410278320e-01 -3.215415477752685547e-01 2.413876503705978394e-01 5.628014802932739258e-01 3.029583692550659180e-01 -1.851708739995956421e-01 5.037376880645751953e-01 5.969856977462768555e-01 2.028288878500461578e-02 1.608049571514129639e-01 -2.618512213230133057e-01 7.076234817504882812e-01 8.247540593147277832e-01 -4.804563224315643311e-01 -8.887825608253479004e-01 -6.718028187751770020e-01 -7.957006096839904785e-01 -5.779787302017211914e-01 5.330653488636016846e-02 -1.987650871276855469e+00 1.594002842903137207e+00 4.428686797618865967e-01 5.430431962013244629e-01 -1.898218393325805664e+00 -3.839262723922729492e-01
5.366912484169006348e-01 4.926796257495880127e-01 -1.021951362490653992e-01 4.807749688625335693e-01 2.846172824501991272e-02 7.629884481430053711e-01 7.835625857114791870e-02 -1.077454816550016403e-02 2.399745732545852661e-01 2.158540487289428711e-01 -2.176923677325248718e-02 1.112033605575561523e+00 5.804498195648193359e-01 -1.324823856353759766e+00 8.484810590744018555e-01 -1.214979410171508789e+00 8.826693892478942871e-02 -4.850227832794189453e-01 -1.512539744377136230e+00 1.875447869300842285e+00 5.525749325752258301e-01 -1.041241526603698730e+00 -2.103438854217529297e+00 -1.399719595909118652e+00 -1.235256910324096680e+00 3.741319477558135986e-01
9.883253574371337891e-01 5.851107239723205566e-01 1.338928341865539551e-01 3.895245790481567383e-01 6.617373973131179810e-02 1.071919053792953491e-01 2.676864624023437500e+00 2.099780887365341187e-01 -1.517716795206069946e-01 3.959339484572410583e-02 -1.384355276823043823e-01 4.113578498363494873e-01 1.353870511054992676e+00 -1.439563155174255371e+00 -1.623413085937500000e+00 -5.778581500053405762e-01 -4.430963099002838135e-01 -3.026236891746520996e-01 -2.175275325775146484e+00 8.641986250877380371e-01 9.862165898084640503e-02 8.379775881767272949e-01 6.851145625114440918e-02 -5.248928070068359375e-01 3.096076548099517822e-01 1.517276525497436523e+00
1.884902864694595337e-01 5.209644436836242676e-01 1.553022116422653198e-01 1.035687923431396484e+00 -2.338552474975585938e-01 3.851786553859710693e-01 -1.199958100914955139e-01 3.998515009880065918e-01 1.380746066570281982e-01 5.572513118386268616e-02 2.991304099559783936e-01 -1.851302534341812134e-01 3.730663284659385681e-02 -1.679458618164062500e+00 -1.042536497116088867e+00 -6.862331032752990723e-01 1.030744798481464386e-02 -2.831039190292358398e+00 -1.320445179939270020e+00 2.270719289779663086e+00 5.117773413658142090e-01 9.707777500152587891e-01 -8.187636137008666992e-01 -1.748349070549011230e+00 8.623645901679992676e-01 -3.321683406829833984e-02
4.603076875209808350e-01 4.039558470249176025e-01 -4.363524615764617920e-01 4.617218077182769775e-01 4.361261725425720215e-01 2.201143652200698853e-01 -1.193808689713478088e-01 3.735967278480529785e-01 -1.078735217452049255e-01 5.735320448875427246e-01 -6.022896617650985718e-02 5.264750719070434570e-01 -3.628254830837249756e-01 -2.576727628707885742e+00 -1.287839293479919434e+00 1.126528158783912659e-01 -2.600219845771789551e-01 -1.346929550170898438e+00 -1.264499545097351074e+00 3.200795054435729980e-01 -1.313916563987731934e+00 7.228912711143493652e-01 1.832404434680938721e-01 -1.748570919036865234e+00 -8.459961414337158203e-01 3.546871840953826904e-01
5.502515435218811035e-01 5.102933198213577271e-02 1.735139489173889160e-01 1.208281815052032471e-01 4.307166039943695068e-01 3.888372778892517090e-01 6.865532994270324707e-01 1.261795759201049805e-01 2.122690230607986450e-01 -1.266561001539230347e-01 1.217128261923789978e-01 1.007484197616577148e+00 -7.304937243461608887e-01 2.523926794528961182e-01 -5.433979630470275879e-01 -5.690760612487792969e-01 1.676860749721527100e-01 -1.953907132148742676e+00 4.253655672073364258e-01 3.730009198188781738e-01 -8.071539998054504395e-01 6.666794419288635254e-01 -6.605364680290222168e-01 -1.141656756401062012e+00 -8.787445425987243652e-01 -9.484281539916992188e-01
8.727083206176757812e-01 7.071197032928466797e-02 3.558053076267242432e-01 4.851585030555725098e-01 7.758428156375885010e-02 2.297906279563903809e-01 9.070270657539367676e-01 7.712244987487792969e-01 4.509887397289276123e-01 1.075746044516563416e-01 -1.250005811452865601e-01 9.049268066883087158e-02 1.768396377563476562e+00 -1.679102301597595215e+00 2.909767925739288330e-01 -2.708908617496490479e-01 -1.962922692298889160e+00 -7.384942770004272461e-01 1.459250599145889282e-01 1.660506963729858398e+00 -1.167857408523559570e+00 2.093441039323806763e-01 -5.509738922119140625e-01 -2.707967460155487061e-01 9.361409395933151245e-02 2.531467080116271973e-01
4.136368930339813232e-01 3.138526678085327148e-01 1.347139626741409302e-01 2.176364958286285400e-01 -1.771240532398223877e-01 7.267806529998779297e-01 1.047717094421386719e+00 -1.609372533857822418e-02 2.053980976343154907e-01 3.156284093856811523e-01 -2.613386213779449463e-01 6.102018952369689941e-01 6.418782472610473633e-01 3.901690244674682617e-01 -6.903266161680221558e-02 -2.505873143672943115e-01 -7.543236017227172852e-01 5.865719318389892578e-01 -1.052651762962341309e+00 1.786148548126220703e+00 -5.755656361579895020e-01 4.759633839130401611e-01 5.556666254997253418e-01 -4.546233713626861572e-01 -6.448839306831359863e-01 1.545504331588745117e-01
5.275406241416931152e-01 2.944462001323699951e-01 1.081765443086624146e-01 5.072738528251647949e-01 4.221530854701995850e-01 3.990097716450691223e-02 4.837577939033508301e-01 -4.585584998130798340e-02 -7.369762659072875977e-02 1.111772581934928894e-01 1.627180129289627075e-01 -1.148634999990463257e-01 1.016203403472900391e+00 -1.504422307014465332e+00 -5.094068646430969238e-01 -5.236704349517822266e-01 -6.336682438850402832e-01 -2.406593114137649536e-01 -1.267803430557250977e+00 2.797458887100219727e+00 -1.234457612037658691e+00 -1.856332778930664062e+00 -1.135101079940795898e+00 -1.931701898574829102e+00 6.121442914009094238e-01 1.037918210029602051e+00
7.268586754798889160e-01 6.025563478469848633e-01 5.781462416052818298e-03 5.992394685745239258e-01 5.527601242065429688e-01 5.757703781127929688e-01 1.832330346107482910e+00 7.503361999988555908e-02 4.339185655117034912e-01 3.274635672569274902e-01 6.947373747825622559e-01 4.649873673915863037e-01 -5.500646829605102539e-01 6.700189709663391113e-01 -1.173584580421447754e+00 -1.378606557846069336e+00 -1.213934063911437988e+00 -1.212245106697082520e+00 -5.365216135978698730e-01 2.161367386579513550e-01 -1.041553974151611328e+00 -3.745445609092712402e-02 -8.805739283561706543e-01 -1.616482585668563843e-01 -1.663819849491119385e-01 1.993645876646041870e-01
4.680427312850952148e-01 7.496954798698425293e-01 4.736985266208648682e-01 1.540891230106353760e-01 6.427468657493591309e-01 -1.990813389420509338e-02 1.392176508903503418e+00 1.945899426937103271e-01 3.631365001201629639e-01 3.075504004955291748e-01 8.151010274887084961e-01 6.164566278457641602e-01 -5.366777777671813965e-01 2.172894030809402466e-02 3.362312912940979004e-01 -1.291459798812866211e+00 -9.172098636627197266e-01 2.146219760179519653e-01 -1.615376174449920654e-01 2.095073223114013672e+00 -3.638042807579040527e-01 -1.010488748550415039e+00 4.360644221305847168e-01 -7.571537494659423828e-01 -5.715728551149368286e-02 -4.810346364974975586e-01
1.639566659927368164e+00 3.401077687740325928e-01 5.083618164062500000e-01 7.993607521057128906e-01 6.937174201011657715e-01 1.054456830024719238e-01 1.028901934623718262e+00 7.237961888313293457e-01 -3.501923680305480957e-01 2.332402020692825317e-02 3.430830240249633789e-01 -1.276101171970367432e-01 -2.821335792541503906e-01 -1.185791373252868652e+00 -2.130177170038223267e-01 -1.364052947610616684e-02 -2.107726186513900757e-01 -6.526526212692260742e-01 9.369503706693649292e-02 -5.453646928071975708e-02 2.771412730216979980e-01 4.613185524940490723e-01 3.465945422649383545e-01 -2.068130373954772949e-01 -1.157483682036399841e-01 3.159231841564178467e-01
7.022176384925842285e-01 4.065383672714233398e-01 6.523203253746032715e-01 5.049543380737304688e-01 1.495324969291687012e-01 3.871304094791412354e-01 2.667018890380859375e+00 6.221187710762023926e-01 1.009630113840103149e-01 2.931901812553405762e-01 3.297221064567565918e-01 2.217402756214141846e-01 -3.547278046607971191e-01 -3.348876714706420898e+00 -1.413562059402465820e+00 -3.527938127517700195e-01 -4.305799007415771484e-01 -1.253942996263504028e-01 -6.731180548667907715e-01 2.417674474418163300e-02 5.080149173736572266e-01 -1.198816537857055664e+00 -3.330987691879272461e-02 -1.568576097488403320e+00 -6.958965659141540527e-01 -1.338598489761352539e+00
7.488851547241210938e-01 3.997629284858703613e-01 2.800984680652618408e-01 8.141759634017944336e-01 -4.033199250698089600e-01 2.805304527282714844e-01 4.002549648284912109e-01 1.266259402036666870e-01 5.948050022125244141e-01 3.122621476650238037e-01 6.503405570983886719e-01 6.583154797554016113e-01 -5.980222225189208984e-01 -7.767502069473266602e-01 2.220487117767333984e+00 -1.265470962971448898e-02 -1.197180151939392090e+00 -3.464627861976623535e-01 3.776715993881225586e-01 2.025773763656616211e+00 -3.809648454189300537e-01 -1.354723930358886719e+00 3.253608942031860352e-01 -1.985553801059722900e-01 -3.444907665252685547e-01 -1.041170239448547363e+00
5.381017923355102539e-01 3.763463348150253296e-02 3.809478580951690674e-01 6.193609833717346191e-01 6.617848873138427734e-01 3.325912058353424072e-01 1.088282465934753418e+00 6.709154844284057617e-01 -5.453237891197204590e-01 4.943236112594604492e-01 3.922585397958755493e-02 1.240123361349105835e-01 -9.214721918106079102e-01 -2.320122718811035156e+00 -1.587618887424468994e-02 -1.542775392532348633e+00 -2.653079748153686523e+00 2.596064209938049316e-01 1.016802072525024414e+00 1.905826330184936523e+00 2.214190214872360229e-01 1.068251013755798340e+00 -3.420808017253875732e-01 -1.588263988494873047e+00 -1.116987466812133789e+00 -1.330229759216308594e+00
3.751352071762084961e+00 1.177735626697540283e-01 -6.833993792533874512e-01 7.256103307008743286e-02 1.948035508394241333e-01 -1.183315888047218323e-01 2.278635501861572266e+00 5.528620481491088867e-01 -1.618294566869735718e-01 9.817812591791152954e-02 3.730021715164184570e-01 4.948145449161529541e-01 -2.583944797515869141e-01 -6.908125281333923340e-01 -3.874987363815307617e-01 -3.535550534725189209e-01 -4.953029453754425049e-01 -2.654876112937927246e-01 2.298782587051391602e+00 8.689339756965637207e-01 -1.103631615638732910e+00 2.991767823696136475e-01 -4.165352880954742432e-01 -5.093690752983093262e-01 1.869885623455047607e-01 1.319473028182983398e+00
2.108325958251953125e+00 1.567347645759582520e-01 -2.374700903892517090e-01 3.002385795116424561e-01 3.642853796482086182e-01 6.531136631965637207e-01 2.027132660150527954e-01 1.209730878472328186e-01 1.870394200086593628e-01 4.222612380981445312e-01 4.613947570323944092e-01 4.291934072971343994e-01 -1.318525224924087524e-01 -2.119185209274291992e+00 1.955622196197509766e+00 1.101820841431617737e-01 -6.928310394287109375e-01 -2.968296408653259277e-01 -2.170086503028869629e-01 -2.851421535015106201e-01 -1.957981139421463013e-01 -1.071536466479301453e-01 5.692366361618041992e-01 8.634530901908874512e-01 1.520107388496398926e+00 2.635425422340631485e-03
5.730916932225227356e-02 4.191242754459381104e-01 -3.982570767402648926e-02 6.928855925798416138e-02 1.264441311359405518e-01 2.695306539535522461e-01 1.541288256645202637e+00 -1.426474284380674362e-02 2.094104140996932983e-01 1.515404433012008667e-01 2.470838576555252075e-01 7.864024043083190918e-01 1.223167061805725098e+00 -1.115048527717590332e+00 -4.662463366985321045e-01 7.857035398483276367e-01 -1.149251461029052734e+00 -1.967935264110565186e-01 4.069544374942779541e-02 2.057072073221206665e-01 -1.581204771995544434e+00 -4.122151434421539307e-01 3.508167862892150879e-01 -1.143550872802734375e+00 1.117186069488525391e+00 6.469761133193969727e-01
8.376853942871093750e+00 4.328495562076568604e-01 1.218616008758544922e+01 1.493174266815185547e+01 5.077065825462341309e-01 1.287582159042358398e+00 6.564736843109130859e+00 -9.254518747329711914e-01 -7.849820137023925781e+00 1.501710796356201172e+01 9.943872690200805664e-01 1.551323682069778442e-01 4.914612293243408203e+00 4.351021051406860352e-01 -5.266479253768920898e-01 7.481250166893005371e-01 -4.079509079456329346e-01 -2.457310676574707031e+00 -1.217725157737731934e+00 -2.669542312622070312e+00 -3.247754275798797607e-01 -2.295474767684936523e+00 3.349061310291290283e-01 -3.794853389263153076e-01 7.522428631782531738e-01 -5.766749009490013123e-02
8.254187583923339844e+00 4.275687038898468018e-01 1.221142101287841797e+01 1.537117671966552734e+01 5.062786936759948730e-01 1.291977643966674805e+00 6.679069995880126953e+00 -9.283551573753356934e-01 -7.759464740753173828e+00 1.506175136566162109e+01 9.993116259574890137e-01 1.827877163887023926e-01 5.146331310272216797e+00 3.481840491294860840e-01 -4.976380467414855957e-01 7.459403872489929199e-01 -4.570626616477966309e-01 -2.492405176162719727e+00 -1.400066852569580078e+00 -2.417041301727294922e+00 -3.613477945327758789e-01 -2.259623765945434570e+00 3.455080687999725342e-01 -4.070416092872619629e-01 7.946368455886840820e-01 2.722077965736389160e-01
8.314246177673339844e+00 4.229808151721954346e-01 1.220019340515136719e+01 1.567855072021484375e+01 5.372151732444763184e-01 1.309292674064636230e+00 6.853869438171386719e+00 -9.109254479408264160e-01 -7.736881256103515625e+00 1.506868553161621094e+01 1.018442511558532715e+00 2.158451229333877563e-01 5.233149528503417969e+00 3.754522502422332764e-01 -5.158095955848693848e-01 7.591574192047119141e-01 -4.191133975982666016e-01 -2.510797739028930664e+00 -1.357796907424926758e+00 -2.386068820953369141e+00 -3.013856112957000732e-01 -2.305919885635375977e+00 3.347950577735900879e-01 -3.363501429557800293e-01 7.553385496139526367e-01 -3.247750550508499146e-02
8.364311218261718750e+00 4.646025896072387695e-01 1.225810909271240234e+01 1.576185035705566406e+01 5.324875712394714355e-01 1.301804661750793457e+00 6.780345439910888672e+00 -9.085245728492736816e-01 -7.751741409301757812e+00 1.506840610504150391e+01 1.027050852775573730e+00 1.818623989820480347e-01 5.174090385437011719e+00 4.023336172103881836e-01 -5.587146878242492676e-01 7.522960305213928223e-01 -4.306887984275817871e-01 -2.507560729980468750e+00 -1.302737236022949219e+00 -2.535233497619628906e+00 -3.125443756580352783e-01 -2.316729068756103516e+00 3.344486057758331299e-01 -3.437978923320770264e-01 7.763264179229736328e-01 -5.510753765702247620e-02
8.349653244018554688e+00 4.621420204639434814e-01 1.227590751647949219e+01 1.580144214630126953e+01 5.526247620582580566e-01 1.317949771881103516e+00 6.823207378387451172e+00 -9.057897925376892090e-01 -7.739548683166503906e+00 1.506855297088623047e+01 1.022687077522277832e+00 1.767860352993011475e-01 5.188733100891113281e+00 3.770756125450134277e-01 -5.589513182640075684e-01 7.617461085319519043e-01 -4.248565733432769775e-01 -2.514974355697631836e+00 -1.324412941932678223e+00 -2.437237501144409180e+00 -3.267293572425842285e-01 -2.304103136062622070e+00 3.378039896488189697e-01 -3.548017442226409912e-01 7.843478918075561523e-01 1.137749943882226944e-02
8.873299956321716309e-01 1.323512494564056396e-01 7.131163477897644043e-01 2.598718702793121338e-01 8.893213421106338501e-02 1.589023619890213013e-01 3.848326578736305237e-02 1.144796013832092285e-01 9.032367169857025146e-02 2.965623438358306885e-01 1.875727921724319458e-01 4.304096400737762451e-01 5.311906337738037109e-01 -1.287674427032470703e+00 1.880142390727996826e-01 -6.597246527671813965e-01 -1.127965688705444336e+00 -3.970102071762084961e-01 1.953769661486148834e-02 1.472270965576171875e+00 -1.317926764488220215e+00 4.185509383678436279e-01 2.883111834526062012e-01 -3.872830271720886230e-01 7.482650876045227051e-02 -2.120362222194671631e-01
8.188699722290039062e+00 3.964487910270690918e-01 1.223300457000732422e+01 1.520163440704345703e+01 5.172662138938903809e-01 1.273136496543884277e+00 6.240404605865478516e+00 -9.328455924987792969e-01 -7.710149765014648438e+00 1.500209808349609375e+01 9.907338619232177734e-01 1.553784012794494629e-01 4.734663009643554688e+00 3.069202303886413574e-01 -4.875608086585998535e-01 7.609310150146484375e-01 -4.477903544902801514e-01 -2.575184345245361328e+00 -1.288648009300231934e+00 -2.416805982589721680e+00 -3.629029989242553711e-01 -2.367879152297973633e+00 3.459221422672271729e-01 -3.758628964424133301e-01 8.103634119033813477e-01 2.364786416292190552e-01
8.298578262329101562e+00 4.570435285568237305e-01 1.213867378234863281e+01 1.551624965667724609e+01 5.332734584808349609e-01 1.297419667243957520e+00 6.755132675170898438e+00 -8.934451937675476074e-01 -7.740662574768066406e+00 1.498889636993408203e+01 1.058423757553100586e+00 2.107272595167160034e-01 5.070424556732177734e+00 4.602575302124023438e-01 -5.465353131294250488e-01 7.387160062789916992e-01 -4.310148656368255615e-01 -2.518633127212524414e+00 -1.387551665306091309e+00 -2.485517978668212891e+00 -3.769835531711578369e-01 -2.290021419525146484e+00 3.328064382076263428e-01 -3.735913932323455811e-01 7.773381471633911133e-01 7.326801866292953491e-02
8.215667724609375000e+00 4.745513200759887695e-01 1.209813308715820312e+01 1.563598918914794922e+01 5.971158742904663086e-01 1.327341437339782715e+00 6.713578701019287109e+00 -9.074409008026123047e-01 -7.688464641571044922e+00 1.495079612731933594e+01 1.089356780052185059e+00 2.020259350538253784e-01 5.095697402954101562e+00 3.488586843013763428e-01 -5.063714981079101562e-01 7.625874876976013184e-01 -4.445588886737823486e-01 -2.527535438537597656e+00 -1.308645009994506836e+00 -2.466037034988403320e+00 -3.320193886756896973e-01 -2.323416471481323242e+00 3.361087143421173096e-01 -3.755085766315460205e-01 7.447723150253295898e-01 -9.749757498502731323e-02
8.244051933288574219e+00 5.346024632453918457e-01 1.215460395812988281e+01 1.566344165802001953e+01 5.945001244544982910e-01 1.326412439346313477e+00 6.705129146575927734e+00 -9.173793792724609375e-01 -7.708409309387207031e+00 1.496096229553222656e+01 1.078686833381652832e+00 1.993001401424407959e-01 5.071831226348876953e+00 4.368500113487243652e-01 -5.780144929885864258e-01 7.574963569641113281e-01 -4.488458037376403809e-01 -2.546822071075439453e+00 -1.305477380752563477e+00 -2.428627252578735352e+00 -3.307801485061645508e-01 -2.315301895141601562e+00 3.429974615573883057e-01 -3.745438456535339355e-01 7.650803923606872559e-01 -3.067503310739994049e-02
8.230216979980468750e+00 5.293899774551391602e-01 1.217606830596923828e+01 1.565676879882812500e+01 6.156165003776550293e-01 1.328323602676391602e+00 6.735888957977294922e+00 -9.094973206520080566e-01 -7.721973419189453125e+00 1.495777034759521484e+01 1.097912549972534180e+00 1.976662427186965942e-01 5.114704608917236328e+00 4.111799597740173340e-01 -5.422698855400085449e-01 7.526292204856872559e-01 -4.545561671257019043e-01 -2.532366752624511719e+00 -1.311792612075805664e+00 -2.427603006362915039e+00 -3.284529149532318115e-01 -2.306958913803100586e+00 3.441523909568786621e-01 -3.609744310379028320e-01 7.851660847663879395e-01 -7.838516496121883392e-03
7.726120948791503906e+00 4.108050465583801270e-01 1.221276760101318359e+01 1.388321495056152344e+01 5.889858007431030273e-01 1.233025193214416504e+00 6.091464519500732422e+00 -9.104463458061218262e-01 -7.980974674224853516e+00 1.475558662414550781e+01 1.032509684562683105e+00 1.238879114389419556e-01 4.037581443786621094e+00 5.193761587142944336e-01 -7.137050628662109375e-01 7.029274702072143555e-01 -4.749304950237274170e-01 -2.570342779159545898e+00 -1.476528286933898926e+00 -1.953208923339843750e+00 -2.292341887950897217e-01 -2.338797330856323242e+00 2.387929111719131470e-01 -4.982554316520690918e-01 7.876668572425842285e-01 2.101709693670272827e-01
8.278427124023437500e+00 5.062664747238159180e-01 1.205683612823486328e+01 1.528644561767578125e+01 5.858876109123229980e-01 1.319640159606933594e+00 6.756160259246826172e+00 -9.490058422088623047e-01 -7.742952823638916016e+00 1.497881412506103516e+01 1.083483219146728516e+00 1.765705794095993042e-01 5.148454189300537109e+00 4.825618565082550049e-01 -4.947868883609771729e-01 7.356256842613220215e-01 -4.666961133480072021e-01 -2.526403427124023438e+00 -1.390460371971130371e+00 -2.676052570343017578e+00 -3.479787111282348633e-01 -2.290416717529296875e+00 3.494488000869750977e-01 -3.838445544242858887e-01 7.583839893341064453e-01 2.682843208312988281e-01
8.315428733825683594e+00 4.674716889858245850e-01 1.215035247802734375e+01 1.561436653137207031e+01 5.659653544425964355e-01 1.314568519592285156e+00 6.852080821990966797e+00 -9.086667895317077637e-01 -7.789131164550781250e+00 1.498918533325195312e+01 1.059596419334411621e+00 2.222765088081359863e-01 5.063529968261718750e+00 4.054352939128875732e-01 -5.124540328979492188e-01 7.658438086509704590e-01 -4.291875958442687988e-01 -2.486762285232543945e+00 -1.355113267898559570e+00 -2.431988716125488281e+00 -3.109391033649444580e-01 -2.297050714492797852e+00 3.424221277236938477e-01 -3.488547205924987793e-01 7.373780012130737305e-01 -5.127506703138351440e-02
8.292152404785156250e+00 5.131744146347045898e-01 1.213333511352539062e+01 1.565862464904785156e+01 5.737142562866210938e-01 1.319027662277221680e+00 6.832182407379150391e+00 -9.134966135025024414e-01 -7.815048694610595703e+00 1.493316078186035156e+01 1.094640731811523438e+00 2.055748254060745239e-01 5.084681510925292969e+00 3.603147566318511963e-01 -5.462695360183715820e-01 7.595024704933166504e-01 -4.335961639881134033e-01 -2.519473791122436523e+00 -1.337908506393432617e+00 -2.443863391876220703e+00 -3.246282041072845459e-01 -2.316752672195434570e+00 3.370328843593597412e-01 -3.571002483367919922e-01 7.245094180107116699e-01 -6.808593869209289551e-02
8.269117355346679688e+00 4.831303656101226807e-01 1.219224739074707031e+01 1.573178005218505859e+01 5.582218170166015625e-01 1.318288087844848633e+00 6.778849601745605469e+00 -9.081568717956542969e-01 -7.800698280334472656e+00 1.499519443511962891e+01 1.069012165069580078e+00 1.928217411041259766e-01 5.160284519195556641e+00 3.677076101303100586e-01 -5.567303299903869629e-01 7.603692412376403809e-01 -4.425387382507324219e-01 -2.511026382446289062e+00 -1.302388906478881836e+00 -2.487964630126953125e+00 -3.318835794925689697e-01 -2.302996873855590820e+00 3.400766849517822266e-01 -3.582623898983001709e-01 7.951843142509460449e-01 -4.135477542877197266e-02
3.106019496917724609e-01 -2.076213210821151733e-01 -4.855796322226524353e-02 7.797063589096069336e-01 -1.826601624488830566e-01 5.097765326499938965e-01 -2.507811784744262695e-01 5.022680759429931641e-01 -1.669058650732040405e-01 -4.187254607677459717e-02 -4.241770133376121521e-02 1.306303143501281738e-01 1.133821606636047363e+00 -1.771590232849121094e+00 5.400426387786865234e-01 -7.012265920639038086e-01 -1.062209248542785645e+00 -1.241009593009948730e+00 1.700160622596740723e+00 -1.178810968995094299e-01 8.267062306404113770e-01 3.642599880695343018e-01 6.587686538696289062e-01 -1.385958909988403320e+00 3.511853814125061035e-01 -8.919770121574401855e-01
8.136807441711425781e+00 4.985177516937255859e-01 1.207998371124267578e+01 1.507100296020507812e+01 6.008340120315551758e-01 1.285890340805053711e+00 6.577108860015869141e+00 -9.190908074378967285e-01 -7.891308784484863281e+00 1.483713626861572266e+01 1.036977052688598633e+00 1.722211986780166626e-01 4.969715118408203125e+00 4.341967701911926270e-01 -5.163583755493164062e-01 7.289335131645202637e-01 -4.497057199478149414e-01 -2.534337282180786133e+00 -1.314046144485473633e+00 -2.669709920883178711e+00 -3.446617126464843750e-01 -2.246454000473022461e+00 3.566258251667022705e-01 -3.872597813606262207e-01 7.669711112976074219e-01 1.850358694791793823e-01
8.239639282226562500e+00 4.187734425067901611e-01 1.221441745758056641e+01 1.554412555694580078e+01 5.166696906089782715e-01 1.316330671310424805e+00 6.869413375854492188e+00 -9.150395393371582031e-01 -7.747163772583007812e+00 1.500336933135986328e+01 1.024303913116455078e+00 2.070690393447875977e-01 5.358068466186523438e+00 3.442506194114685059e-01 -5.224994421005249023e-01 7.495282292366027832e-01 -4.184571802616119385e-01 -2.472257375717163086e+00 -1.396368384361267090e+00 -2.291606664657592773e+00 -3.807228505611419678e-01 -2.300418615341186523e+00 3.375648260116577148e-01 -3.839460611343383789e-01 7.984065413475036621e-01 2.095801383256912231e-01
8.362236022949218750e+00 4.570991992950439453e-01 1.217518043518066406e+01 1.576933002471923828e+01 5.469561815261840820e-01 1.313294291496276855e+00 6.740273475646972656e+00 -9.170717000961303711e-01 -7.722348690032958984e+00 1.504532623291015625e+01 1.045506358146667480e+00 1.931523233652114868e-01 5.134813308715820312e+00 3.504267930984497070e-01 -5.287206768989562988e-01 7.610129117965698242e-01 -4.223743677139282227e-01 -2.497425794601440430e+00 -1.315179705619812012e+00 -2.479665994644165039e+00 -3.297222554683685303e-01 -2.311543464660644531e+00 3.338988721370697021e-01 -3.795648515224456787e-01 7.448924183845520020e-01 -1.090359240770339966e-01
