# 723.3796296296297|19
8.346343040466308594e+00 7.993518710136413574e-01 1.168151283264160156e+01 1.528167819976806641e+01 1.106194615364074707e+00 1.222572445869445801e+00 6.401281356811523438e+00 -8.125304579734802246e-01 -7.755851268768310547e+00 1.464052486419677734e+01 1.470887303352355957e+00 -1.137662455439567566e-01 4.909025669097900391e+00
8.361666679382324219e+00 8.146969079971313477e-01 1.167338466644287109e+01 1.531697177886962891e+01 1.120484471321105957e+00 1.223873019218444824e+00 6.442423343658447266e+00 -8.170217871665954590e-01 -7.767452239990234375e+00 1.463515377044677734e+01 1.480911493301391602e+00 -1.140164807438850403e-01 4.854474544525146484e+00
8.362641334533691406e+00 8.234015703201293945e-01 1.165993022918701172e+01 1.532152366638183594e+01 1.122289419174194336e+00 1.226979970932006836e+00 6.417783737182617188e+00 -8.129817843437194824e-01 -7.746711254119873047e+00 1.462507724761962891e+01 1.490519762039184570e+00 -1.112552583217620850e-01 4.821742057800292969e+00
8.355221748352050781e+00 8.209443092346191406e-01 1.165205097198486328e+01 1.532407760620117188e+01 1.128477931022644043e+00 1.226777315139770508e+00 6.440684795379638672e+00 -8.096408247947692871e-01 -7.733808517456054688e+00 1.462076473236083984e+01 1.493884205818176270e+00 -1.184088438749313354e-01 4.847248554229736328e+00
8.299450874328613281e+00 8.560513854026794434e-01 1.160210227966308594e+01 1.525680732727050781e+01 1.151755928993225098e+00 1.237660169601440430e+00 6.384783744812011719e+00 -8.130021095275878906e-01 -7.724080562591552734e+00 1.459739303588867188e+01 1.506564736366271973e+00 -1.096703335642814636e-01 4.859428405761718750e+00
8.323420524597167969e+00 8.332524299621582031e-01 1.163682079315185547e+01 1.530443763732910156e+01 1.132006883621215820e+00 1.227714061737060547e+00 6.379217624664306641e+00 -8.205630183219909668e-01 -7.733506679534912109e+00 1.459537601470947266e+01 1.498944401741027832e+00 -1.119097098708152771e-01 4.809041023254394531e+00
8.300496101379394531e+00 8.521153926849365234e-01 1.161628532409667969e+01 1.529392814636230469e+01 1.150440096855163574e+00 1.240527629852294922e+00 6.388320446014404297e+00 -8.177214264869689941e-01 -7.739338397979736328e+00 1.457993221282958984e+01 1.511401534080505371e+00 -1.158885806798934937e-01 4.778841495513916016e+00
8.320008277893066406e+00 8.508393168449401855e-01 1.160472297668457031e+01 1.527433872222900391e+01 1.157364606857299805e+00 1.234119415283203125e+00 6.363343715667724609e+00 -8.203248381614685059e-01 -7.727435111999511719e+00 1.457179450988769531e+01 1.516440153121948242e+00 -1.124879419803619385e-01 4.746279716491699219e+00
8.319111824035644531e+00 8.370028138160705566e-01 1.159368419647216797e+01 1.528253746032714844e+01 1.137540102005004883e+00 1.233350634574890137e+00 6.334709644317626953e+00 -8.246112465858459473e-01 -7.734508037567138672e+00 1.458746910095214844e+01 1.505696892738342285e+00 -1.133457794785499573e-01 4.788697719573974609e+00
8.302639007568359375e+00 8.467737436294555664e-01 1.162273883819580078e+01 1.531467247009277344e+01 1.153328061103820801e+00 1.228094220161437988e+00 6.398233890533447266e+00 -8.220448493957519531e-01 -7.733335971832275391e+00 1.458226013183593750e+01 1.514454126358032227e+00 -1.165409758687019348e-01 4.778047084808349609e+00
8.302989006042480469e+00 8.561573624610900879e-01 1.160632896423339844e+01 1.528833484649658203e+01 1.155826330184936523e+00 1.229456782341003418e+00 6.371971607208251953e+00 -8.240444064140319824e-01 -7.729949951171875000e+00 1.457650566101074219e+01 1.515940070152282715e+00 -1.174555346369743347e-01 4.761816024780273438e+00
8.416672706604003906e+00 8.136739730834960938e-01 1.169860076904296875e+01 1.543713665008544922e+01 1.116585135459899902e+00 1.218390107154846191e+00 6.492243766784667969e+00 -8.268082737922668457e-01 -7.722760677337646484e+00 1.463772964477539062e+01 1.473236680030822754e+00 -1.261874586343765259e-01 4.856320381164550781e+00
8.388033866882324219e+00 7.942298054695129395e-01 1.169619941711425781e+01 1.542088699340820312e+01 1.114915966987609863e+00 1.226096034049987793e+00 6.357933044433593750e+00 -8.294956684112548828e-01 -7.732714653015136719e+00 1.463995361328125000e+01 1.468562245368957520e+00 -1.248531565070152283e-01 4.897243976593017578e+00
8.375202178955078125e+00 8.090770840644836426e-01 1.168567848205566406e+01 1.542142009735107422e+01 1.112998127937316895e+00 1.220045089721679688e+00 6.442605018615722656e+00 -8.258878588676452637e-01 -7.791380405426025391e+00 1.464757156372070312e+01 1.468592882156372070e+00 -1.262009888887405396e-01 4.820318222045898438e+00
8.329668045043945312e+00 8.710787296295166016e-01 1.158732032775878906e+01 1.532417488098144531e+01 1.162490963935852051e+00 1.235584020614624023e+00 6.339973449707031250e+00 -8.322135210037231445e-01 -7.732936859130859375e+00 1.455337047576904297e+01 1.518832206726074219e+00 -1.129097491502761841e-01 4.812854290008544922e+00
8.388330459594726562e+00 8.033398985862731934e-01 1.170496273040771484e+01 1.546876525878906250e+01 1.103404045104980469e+00 1.214546799659729004e+00 6.484300136566162109e+00 -8.314650654792785645e-01 -7.736179828643798828e+00 1.463893222808837891e+01 1.462145090103149414e+00 -1.261828690767288208e-01 4.923647403717041016e+00
8.373854637145996094e+00 8.425400257110595703e-01 1.163233280181884766e+01 1.544612121582031250e+01 1.119873046875000000e+00 1.222384810447692871e+00 6.459722518920898438e+00 -8.364269733428955078e-01 -7.831984996795654297e+00 1.459294128417968750e+01 1.491567015647888184e+00 -1.219601780176162720e-01 4.792979717254638672e+00
8.344847679138183594e+00 8.359203934669494629e-01 1.164766979217529297e+01 1.540090656280517578e+01 1.114330172538757324e+00 1.213309526443481445e+00 6.475845813751220703e+00 -8.354855775833129883e-01 -7.834576129913330078e+00 1.460663890838623047e+01 1.497067689895629883e+00 -1.241257265210151672e-01 4.822327613830566406e+00
8.413224220275878906e+00 8.178169727325439453e-01 1.168394374847412109e+01 1.546328163146972656e+01 1.123611807823181152e+00 1.219398975372314453e+00 6.487041950225830078e+00 -8.400229811668395996e-01 -7.825769424438476562e+00 1.463669967651367188e+01 1.477111458778381348e+00 -1.227720305323600769e-01 4.844802856445312500e+00
8.399692535400390625e+00 8.173837661743164062e-01 1.169080638885498047e+01 1.547107601165771484e+01 1.113489270210266113e+00 1.220260143280029297e+00 6.561370849609375000e+00 -8.402495384216308594e-01 -7.816300392150878906e+00 1.463873004913330078e+01 1.468029379844665527e+00 -1.290124952793121338e-01 4.882343292236328125e+00
8.337285995483398438e+00 8.682459592819213867e-01 1.158125209808349609e+01 1.535242748260498047e+01 1.167181372642517090e+00 1.229110836982727051e+00 6.346968650817871094e+00 -8.388389348983764648e-01 -7.744026184082031250e+00 1.454879379272460938e+01 1.522209405899047852e+00 -1.163724288344383240e-01 4.762714385986328125e+00
8.304305076599121094e+00 8.684631586074829102e-01 1.159075832366943359e+01 1.535332489013671875e+01 1.172020196914672852e+00 1.229998469352722168e+00 6.309916019439697266e+00 -8.428409099578857422e-01 -7.733680725097656250e+00 1.454891300201416016e+01 1.520305037498474121e+00 -1.234473884105682373e-01 4.822159290313720703e+00
8.340189933776855469e+00 8.786229491233825684e-01 1.158687782287597656e+01 1.536242103576660156e+01 1.177009582519531250e+00 1.231525778770446777e+00 6.375773906707763672e+00 -8.478270769119262695e-01 -7.754975795745849609e+00 1.452720642089843750e+01 1.519996762275695801e+00 -1.247181743383407593e-01 4.809226989746093750e+00
8.289590835571289062e+00 8.673798441886901855e-01 1.157592391967773438e+01 1.535344219207763672e+01 1.176202535629272461e+00 1.228014111518859863e+00 6.392078399658203125e+00 -8.479686975479125977e-01 -7.759086132049560547e+00 1.453026390075683594e+01 1.526423811912536621e+00 -1.253634542226791382e-01 4.798481941223144531e+00
8.391352653503417969e+00 8.085147738456726074e-01 1.168704128265380859e+01 1.550495052337646484e+01 1.121429085731506348e+00 1.215540766716003418e+00 6.459429740905761719e+00 -8.445631265640258789e-01 -7.833444595336914062e+00 1.464434337615966797e+01 1.450883388519287109e+00 -1.383491307497024536e-01 4.836280822753906250e+00
8.409230232238769531e+00 8.013660907745361328e-01 1.169786834716796875e+01 1.553038787841796875e+01 1.108104228973388672e+00 1.211986064910888672e+00 6.490715503692626953e+00 -8.442220091819763184e-01 -7.831561088562011719e+00 1.462783908843994141e+01 1.454615712165832520e+00 -1.414812356233596802e-01 4.827081680297851562e+00
8.383708000183105469e+00 7.991296648979187012e-01 1.170427036285400391e+01 1.552267360687255859e+01 1.115307807922363281e+00 1.217072606086730957e+00 6.498438835144042969e+00 -8.501921296119689941e-01 -7.838585376739501953e+00 1.464869976043701172e+01 1.459770917892456055e+00 -1.335114091634750366e-01 4.807779788970947266e+00
8.388721466064453125e+00 8.073331713676452637e-01 1.167987918853759766e+01 1.552737617492675781e+01 1.118608355522155762e+00 1.216772198677062988e+00 6.465111255645751953e+00 -8.606904149055480957e-01 -7.810863971710205078e+00 1.464113903045654297e+01 1.459781765937805176e+00 -1.415986865758895874e-01 4.766471385955810547e+00
8.307358741760253906e+00 8.741391897201538086e-01 1.157643127441406250e+01 1.543035507202148438e+01 1.177078485488891602e+00 1.229745745658874512e+00 6.352861881256103516e+00 -8.570258617401123047e-01 -7.808238506317138672e+00 1.452512073516845703e+01 1.518027305603027344e+00 -1.290093660354614258e-01 4.685088634490966797e+00
8.301959991455078125e+00 8.753933906555175781e-01 1.158048534393310547e+01 1.541863441467285156e+01 1.183274745941162109e+00 1.229953765869140625e+00 6.366026401519775391e+00 -8.531755208969116211e-01 -7.811398983001708984e+00 1.451979064941406250e+01 1.526384472846984863e+00 -1.275163441896438599e-01 4.727226257324218750e+00
8.329817771911621094e+00 8.813027143478393555e-01 1.156734752655029297e+01 1.544645500183105469e+01 1.178798079490661621e+00 1.231711149215698242e+00 6.335415840148925781e+00 -8.611218929290771484e-01 -7.806542873382568359e+00 1.452013397216796875e+01 1.528132081031799316e+00 -1.313576847314834595e-01 4.772112369537353516e+00
8.317650794982910156e+00 8.565139770507812500e-01 1.159657764434814453e+01 1.545761680603027344e+01 1.161217331886291504e+00 1.227332353591918945e+00 6.367325305938720703e+00 -8.662567734718322754e-01 -7.820059299468994141e+00 1.454085063934326172e+01 1.525560498237609863e+00 -1.292092800140380859e-01 4.745537757873535156e+00
8.327805519104003906e+00 8.582395911216735840e-01 1.159249496459960938e+01 1.546508789062500000e+01 1.164179801940917969e+00 1.229101061820983887e+00 6.378800392150878906e+00 -8.623691201210021973e-01 -7.809923171997070312e+00 1.451709175109863281e+01 1.513722538948059082e+00 -1.322544813156127930e-01 4.766208171844482422e+00
8.313431739807128906e+00 8.828483819961547852e-01 1.161094188690185547e+01 1.542917251586914062e+01 1.154023170471191406e+00 1.219742655754089355e+00 6.398308753967285156e+00 -8.650869131088256836e-01 -7.811913013458251953e+00 1.451274394989013672e+01 1.524558901786804199e+00 -1.290256232023239136e-01 4.710049629211425781e+00
8.323006629943847656e+00 8.739256858825683594e-01 1.157769489288330078e+01 1.545014858245849609e+01 1.178881883621215820e+00 1.232233405113220215e+00 6.364639759063720703e+00 -8.671591877937316895e-01 -7.832499504089355469e+00 1.451511859893798828e+01 1.529240369796752930e+00 -1.370686739683151245e-01 4.781005382537841797e+00
8.330599784851074219e+00 8.556635975837707520e-01 1.158241271972656250e+01 1.551912212371826172e+01 1.156768083572387695e+00 1.224659919738769531e+00 6.395432472229003906e+00 -8.689905405044555664e-01 -7.812507629394531250e+00 1.452839660644531250e+01 1.518119335174560547e+00 -1.346819251775741577e-01 4.707951068878173828e+00
8.360148429870605469e+00 8.543412685394287109e-01 1.157449150085449219e+01 1.548468399047851562e+01 1.170429348945617676e+00 1.224169850349426270e+00 6.394401550292968750e+00 -8.705680370330810547e-01 -7.812630653381347656e+00 1.453279876708984375e+01 1.524875760078430176e+00 -1.350665241479873657e-01 4.698228836059570312e+00
8.270200729370117188e+00 8.746170401573181152e-01 1.156005573272705078e+01 1.547627258300781250e+01 1.182019114494323730e+00 1.225572109222412109e+00 6.336686611175537109e+00 -8.691853880882263184e-01 -7.821316719055175781e+00 1.454324245452880859e+01 1.522627711296081543e+00 -1.349621862173080444e-01 4.631595134735107422e+00
8.314934730529785156e+00 8.751053810119628906e-01 1.157459640502929688e+01 1.547558403015136719e+01 1.179096579551696777e+00 1.227658510208129883e+00 6.358585357666015625e+00 -8.734026551246643066e-01 -7.803185462951660156e+00 1.450311756134033203e+01 1.527380228042602539e+00 -1.370627731084823608e-01 4.711382389068603516e+00
