# 2058.240740740741|19
6.652444362640380859e+00 1.057843208312988281e+00 9.576292037963867188e+00 1.430999851226806641e+01 2.055328130722045898e+00 -3.025915473699569702e-02 5.682773113250732422e+00 6.318061947822570801e-01 -6.524273872375488281e+00 1.234130477905273438e+01 2.233375549316406250e+00 4.747337698936462402e-01 3.047118425369262695e+00
6.642870903015136719e+00 1.050674557685852051e+00 9.605080604553222656e+00 1.433208656311035156e+01 2.047396898269653320e+00 -2.551129460334777832e-02 5.694701194763183594e+00 6.140212416648864746e-01 -6.524245262145996094e+00 1.236435985565185547e+01 2.227363348007202148e+00 4.682026505470275879e-01 3.081475973129272461e+00
6.661480426788330078e+00 1.043814897537231445e+00 9.653466224670410156e+00 1.435450267791748047e+01 2.010909080505371094e+00 -6.916808895766735077e-03 5.770231723785400391e+00 5.924736261367797852e-01 -6.548092365264892578e+00 1.241764545440673828e+01 2.197178125381469727e+00 4.610228538513183594e-01 3.103713274002075195e+00
6.745599746704101562e+00 1.029060244560241699e+00 9.696707725524902344e+00 1.437109184265136719e+01 2.006698131561279297e+00 1.851070299744606018e-02 5.741312026977539062e+00 5.655753612518310547e-01 -6.586821556091308594e+00 1.248923492431640625e+01 2.180218458175659180e+00 4.438643753528594971e-01 3.187014579772949219e+00
6.722669601440429688e+00 1.027300834655761719e+00 9.749927520751953125e+00 1.443173980712890625e+01 1.989239096641540527e+00 4.479773715138435364e-02 5.706156253814697266e+00 5.361671447753906250e-01 -6.598733425140380859e+00 1.251926994323730469e+01 2.161399364471435547e+00 4.335716962814331055e-01 3.240199327468872070e+00
6.834157943725585938e+00 1.016236424446105957e+00 9.804885864257812500e+00 1.446705245971679688e+01 1.953687429428100586e+00 6.721781194210052490e-02 5.784474372863769531e+00 5.105051398277282715e-01 -6.646110534667968750e+00 1.260031795501708984e+01 2.143532514572143555e+00 4.170116186141967773e-01 3.307794809341430664e+00
6.826677799224853516e+00 1.013910174369812012e+00 9.833870887756347656e+00 1.446876144409179688e+01 1.937475323677062988e+00 9.747277945280075073e-02 5.807577133178710938e+00 4.802840352058410645e-01 -6.704885482788085938e+00 1.264089298248291016e+01 2.132298946380615234e+00 4.106600284576416016e-01 3.267324447631835938e+00
6.893876552581787109e+00 9.903547763824462891e-01 9.892006874084472656e+00 1.451390457153320312e+01 1.904034137725830078e+00 1.220207437872886658e-01 5.862840175628662109e+00 4.576060175895690918e-01 -6.705142974853515625e+00 1.270623016357421875e+01 2.096878051757812500e+00 3.926760852336883545e-01 3.372063159942626953e+00
6.870054721832275391e+00 1.041633009910583496e+00 9.854900360107421875e+00 1.443115711212158203e+01 1.929758548736572266e+00 1.546408981084823608e-01 5.822114467620849609e+00 4.141174256801605225e-01 -6.714177608489990234e+00 1.267909049987792969e+01 2.130904912948608398e+00 3.882599174976348877e-01 3.332219839096069336e+00
6.891591072082519531e+00 1.037827134132385254e+00 9.904656410217285156e+00 1.447017765045166016e+01 1.908004641532897949e+00 1.701899319887161255e-01 5.839298248291015625e+00 3.902011513710021973e-01 -6.774451732635498047e+00 1.271741294860839844e+01 2.113698720932006836e+00 3.817944824695587158e-01 3.324333190917968750e+00
7.045987129211425781e+00 9.669120311737060547e-01 1.004369735717773438e+01 1.460054016113281250e+01 1.830250978469848633e+00 1.901333332061767578e-01 5.937314987182617188e+00 3.598076105117797852e-01 -6.800847530364990234e+00 1.288503456115722656e+01 2.037951231002807617e+00 3.433196246623992920e-01 3.503968954086303711e+00
7.085612773895263672e+00 9.502191543579101562e-01 1.008940887451171875e+01 1.462593746185302734e+01 1.803024291992187500e+00 2.161828130483627319e-01 5.954633712768554688e+00 3.276613056659698486e-01 -6.817911148071289062e+00 1.292271995544433594e+01 2.017560720443725586e+00 3.369777500629425049e-01 3.519589900970458984e+00
7.135013103485107422e+00 9.581949710845947266e-01 1.013833618164062500e+01 1.463060379028320312e+01 1.789573907852172852e+00 2.491460889577865601e-01 5.925033569335937500e+00 3.020283281803131104e-01 -6.847848892211914062e+00 1.298314094543457031e+01 2.009690761566162109e+00 3.274618983268737793e-01 3.587170362472534180e+00
7.100485324859619141e+00 9.439064264297485352e-01 1.018176174163818359e+01 1.467261695861816406e+01 1.763301968574523926e+00 2.618479430675506592e-01 5.962836265563964844e+00 2.710538804531097412e-01 -6.884954929351806641e+00 1.303332805633544922e+01 1.988173246383666992e+00 3.114702701568603516e-01 3.535366773605346680e+00
7.198052406311035156e+00 9.400842189788818359e-01 1.022175216674804688e+01 1.467880058288574219e+01 1.742914795875549316e+00 2.907875180244445801e-01 5.946547031402587891e+00 2.331282198429107666e-01 -6.907920360565185547e+00 1.305867099761962891e+01 1.968501687049865723e+00 3.010221719741821289e-01 3.600646257400512695e+00
7.219408035278320312e+00 9.345746040344238281e-01 1.026055049896240234e+01 1.470628643035888672e+01 1.720529794692993164e+00 3.098883628845214844e-01 5.977332115173339844e+00 2.042344063520431519e-01 -6.916721343994140625e+00 1.312287616729736328e+01 1.950768470764160156e+00 2.842760086059570312e-01 3.721988916397094727e+00
7.231526374816894531e+00 9.516734480857849121e-01 1.027874755859375000e+01 1.469405651092529297e+01 1.723782420158386230e+00 3.411086499691009521e-01 5.986091136932373047e+00 1.721772998571395874e-01 -6.951136112213134766e+00 1.314953613281250000e+01 1.946132779121398926e+00 2.728897333145141602e-01 3.680716991424560547e+00
7.315184116363525391e+00 9.361675381660461426e-01 1.032511901855468750e+01 1.471989154815673828e+01 1.706864714622497559e+00 3.717218935489654541e-01 6.018808841705322266e+00 1.348415315151214600e-01 -6.958355426788330078e+00 1.319600963592529297e+01 1.933237314224243164e+00 2.606067657470703125e-01 3.765241861343383789e+00
7.291927337646484375e+00 9.284007549285888672e-01 1.037525272369384766e+01 1.474196052551269531e+01 1.681126117706298828e+00 3.981274366378784180e-01 6.077465057373046875e+00 1.112006977200508118e-01 -7.008358478546142578e+00 1.326833915710449219e+01 1.914306998252868652e+00 2.452871054410934448e-01 3.786927461624145508e+00
7.342333316802978516e+00 9.316107630729675293e-01 1.042571640014648438e+01 1.478875541687011719e+01 1.658593177795410156e+00 4.254315495491027832e-01 6.043302536010742188e+00 8.178937435150146484e-02 -7.013509273529052734e+00 1.330219650268554688e+01 1.904821991920471191e+00 2.335112094879150391e-01 3.832321643829345703e+00
7.346317768096923828e+00 9.399852752685546875e-01 1.043824291229248047e+01 1.477535247802734375e+01 1.660886764526367188e+00 4.469990134239196777e-01 6.040768146514892578e+00 5.479441583156585693e-02 -7.035424232482910156e+00 1.333348941802978516e+01 1.889534950256347656e+00 2.256435006856918335e-01 3.860075235366821289e+00
7.387063980102539062e+00 9.228969812393188477e-01 1.048430919647216797e+01 1.481976509094238281e+01 1.640325069427490234e+00 4.709749221801757812e-01 5.986023426055908203e+00 1.154499966651201248e-02 -7.054068565368652344e+00 1.337418079376220703e+01 1.879517078399658203e+00 2.154557406902313232e-01 3.819527387619018555e+00
7.438317775726318359e+00 9.306985139846801758e-01 1.052737903594970703e+01 1.480978393554687500e+01 1.620202898979187012e+00 4.975426793098449707e-01 6.093360424041748047e+00 -1.823270879685878754e-02 -7.082899093627929688e+00 1.342577362060546875e+01 1.867958784103393555e+00 2.028067559003829956e-01 3.935800552368164062e+00
7.446597576141357422e+00 9.262444376945495605e-01 1.056333446502685547e+01 1.483104324340820312e+01 1.611635088920593262e+00 5.217251777648925781e-01 6.084196567535400391e+00 -4.541352018713951111e-02 -7.118956565856933594e+00 1.345872402191162109e+01 1.847337007522583008e+00 1.940237730741500854e-01 3.947050809860229492e+00
7.480303764343261719e+00 9.377863407135009766e-01 1.059824657440185547e+01 1.480893135070800781e+01 1.592176914215087891e+00 5.520966053009033203e-01 6.092109203338623047e+00 -8.331720530986785889e-02 -7.137419223785400391e+00 1.350187873840332031e+01 1.849532246589660645e+00 1.806856542825698853e-01 3.935564041137695312e+00
7.541035175323486328e+00 9.328821897506713867e-01 1.062767601013183594e+01 1.485659694671630859e+01 1.577798843383789062e+00 5.813848376274108887e-01 6.043775558471679688e+00 -1.096356958150863647e-01 -7.157683372497558594e+00 1.353678035736083984e+01 1.836917996406555176e+00 1.687855720520019531e-01 3.973383903503417969e+00
7.561160087585449219e+00 9.479506611824035645e-01 1.064586162567138672e+01 1.482988739013671875e+01 1.584236621856689453e+00 6.118554472923278809e-01 6.024194240570068359e+00 -1.458925008773803711e-01 -7.184864521026611328e+00 1.355094623565673828e+01 1.833209276199340820e+00 1.668199151754379272e-01 3.861500740051269531e+00
7.580591201782226562e+00 9.303835630416870117e-01 1.068698787689208984e+01 1.485455131530761719e+01 1.554783940315246582e+00 6.385091543197631836e-01 6.047054767608642578e+00 -1.743655800819396973e-01 -7.202675342559814453e+00 1.359753036499023438e+01 1.815389037132263184e+00 1.548869460821151733e-01 4.001790523529052734e+00
7.586832046508789062e+00 9.474695920944213867e-01 1.071122074127197266e+01 1.484502983093261719e+01 1.550162076950073242e+00 6.668496131896972656e-01 6.116356849670410156e+00 -2.052051126956939697e-01 -7.233334064483642578e+00 1.362822818756103516e+01 1.811601996421813965e+00 1.378668695688247681e-01 4.012552261352539062e+00
7.617794036865234375e+00 9.494524002075195312e-01 1.074842548370361328e+01 1.485791778564453125e+01 1.533096432685852051e+00 6.838882565498352051e-01 6.063299655914306641e+00 -2.349390685558319092e-01 -7.284305572509765625e+00 1.365918254852294922e+01 1.798492193222045898e+00 1.264386326074600220e-01 4.120455741882324219e+00
7.623922348022460938e+00 9.399288296699523926e-01 1.080253601074218750e+01 1.488141536712646484e+01 1.510526299476623535e+00 7.125125527381896973e-01 6.103696823120117188e+00 -2.682667672634124756e-01 -7.315278053283691406e+00 1.371820449829101562e+01 1.774135828018188477e+00 1.115562543272972107e-01 4.156313896179199219e+00
7.674677371978759766e+00 9.370619654655456543e-01 1.085629653930664062e+01 1.492016506195068359e+01 1.501648306846618652e+00 7.385846972465515137e-01 6.124889850616455078e+00 -2.958294153213500977e-01 -7.341407775878906250e+00 1.376076602935791016e+01 1.771554231643676758e+00 9.899094700813293457e-02 4.190130233764648438e+00
7.703168869018554688e+00 9.225449562072753906e-01 1.090020561218261719e+01 1.494362354278564453e+01 1.474606633186340332e+00 7.683161497116088867e-01 6.227474689483642578e+00 -3.294548690319061279e-01 -7.377328872680664062e+00 1.383894062042236328e+01 1.754034996032714844e+00 8.501824736595153809e-02 4.194877624511718750e+00
7.744677543640136719e+00 9.343771934509277344e-01 1.091903495788574219e+01 1.493156433105468750e+01 1.464929938316345215e+00 7.965699434280395508e-01 6.158107280731201172e+00 -3.619423210620880127e-01 -7.385867595672607422e+00 1.384836101531982422e+01 1.739512801170349121e+00 7.392910122871398926e-02 4.284943580627441406e+00
7.798030853271484375e+00 9.163897633552551270e-01 1.099225616455078125e+01 1.494716739654541016e+01 1.431137919425964355e+00 8.233803510665893555e-01 6.225117683410644531e+00 -3.916176557540893555e-01 -7.423860549926757812e+00 1.391501140594482422e+01 1.714279413223266602e+00 6.239584833383560181e-02 4.243839263916015625e+00
7.802064895629882812e+00 9.178268909454345703e-01 1.102670288085937500e+01 1.498469829559326172e+01 1.419562458992004395e+00 8.526917695999145508e-01 6.223560333251953125e+00 -4.285311400890350342e-01 -7.442324638366699219e+00 1.395721054077148438e+01 1.709803819656372070e+00 5.069203302264213562e-02 4.379713058471679688e+00
7.859242439270019531e+00 9.203757643699645996e-01 1.106313228607177734e+01 1.502423000335693359e+01 1.406722664833068848e+00 8.759155869483947754e-01 6.156715393066406250e+00 -4.548669755458831787e-01 -7.456036567687988281e+00 1.400144195556640625e+01 1.689114689826965332e+00 3.656193986535072327e-02 4.370618820190429688e+00
7.907331943511962891e+00 9.117968082427978516e-01 1.111071777343750000e+01 1.503877735137939453e+01 1.380895376205444336e+00 8.984580039978027344e-01 6.221694946289062500e+00 -4.912044107913970947e-01 -7.494422912597656250e+00 1.406952285766601562e+01 1.669211864471435547e+00 2.574210986495018005e-02 4.445687294006347656e+00
7.928448200225830078e+00 9.054358601570129395e-01 1.116007423400878906e+01 1.505523586273193359e+01 1.359886884689331055e+00 9.242622852325439453e-01 6.232133865356445312e+00 -5.191371440887451172e-01 -7.502946376800537109e+00 1.409342956542968750e+01 1.654919505119323730e+00 1.436874922364950180e-02 4.422428131103515625e+00
