# 1875.6999999999998|19
7.000257492065429688e+00 1.363071799278259277e+00 1.008722019195556641e+01 1.373317527770996094e+01 1.757920622825622559e+00 1.051252841949462891e+00 5.318499088287353516e+00 2.206458598375320435e-01 -6.590210914611816406e+00 1.238777923583984375e+01 2.398151874542236328e+00 8.814001083374023438e-01 3.839712381362915039e+00
7.032592773437500000e+00 1.336053967475891113e+00 1.011844825744628906e+01 1.377388668060302734e+01 1.759883642196655273e+00 1.024587512016296387e+00 5.350356578826904297e+00 2.150193154811859131e-01 -6.620349407196044922e+00 1.244062805175781250e+01 2.391338348388671875e+00 8.523061871528625488e-01 3.766849279403686523e+00
6.994061946868896484e+00 1.321656465530395508e+00 1.012560844421386719e+01 1.380596542358398438e+01 1.760571718215942383e+00 9.951585531234741211e-01 5.308076858520507812e+00 2.004769593477249146e-01 -6.644145488739013672e+00 1.247406578063964844e+01 2.378891944885253906e+00 8.156526684761047363e-01 3.807048082351684570e+00
7.070199489593505859e+00 1.290599346160888672e+00 1.013456249237060547e+01 1.384522151947021484e+01 1.745289325714111328e+00 9.585167765617370605e-01 5.368670463562011719e+00 1.970450133085250854e-01 -6.682178497314453125e+00 1.253170585632324219e+01 2.354051113128662109e+00 7.820868492126464844e-01 3.841495990753173828e+00
7.027578353881835938e+00 1.281575441360473633e+00 1.015353965759277344e+01 1.390463924407958984e+01 1.751254439353942871e+00 9.239544868469238281e-01 5.329442977905273438e+00 1.924601644277572632e-01 -6.692929744720458984e+00 1.253694248199462891e+01 2.329416751861572266e+00 7.623622417449951172e-01 3.781650543212890625e+00
7.088397502899169922e+00 1.256691098213195801e+00 1.016203212738037109e+01 1.394220256805419922e+01 1.741708040237426758e+00 8.883359432220458984e-01 5.429251670837402344e+00 1.831890940666198730e-01 -6.726758956909179688e+00 1.260161876678466797e+01 2.306822061538696289e+00 7.190298438072204590e-01 3.849367141723632812e+00
7.070246696472167969e+00 1.238638162612915039e+00 1.016845893859863281e+01 1.400700473785400391e+01 1.747756958007812500e+00 8.690468668937683105e-01 5.458948135375976562e+00 1.743241101503372192e-01 -6.742392063140869141e+00 1.263842582702636719e+01 2.285371065139770508e+00 6.937938928604125977e-01 3.770166397094726562e+00
7.112805366516113281e+00 1.221769332885742188e+00 1.018341350555419922e+01 1.404522037506103516e+01 1.735753178596496582e+00 8.297755718231201172e-01 5.492943286895751953e+00 1.670887023210525513e-01 -6.770280361175537109e+00 1.268528556823730469e+01 2.275913000106811523e+00 6.485937833786010742e-01 3.794803857803344727e+00
7.134209156036376953e+00 1.214139699935913086e+00 1.020512962341308594e+01 1.408018589019775391e+01 1.733267307281494141e+00 7.944061160087585449e-01 5.551541805267333984e+00 1.524870693683624268e-01 -6.802537441253662109e+00 1.270949935913085938e+01 2.244723081588745117e+00 6.193720102310180664e-01 3.779005289077758789e+00
7.080984115600585938e+00 1.177403926849365234e+00 1.021292877197265625e+01 1.415260601043701172e+01 1.737126588821411133e+00 7.658487558364868164e-01 5.560995578765869141e+00 1.512690633535385132e-01 -6.803658485412597656e+00 1.275508022308349609e+01 2.213546037673950195e+00 5.930201411247253418e-01 3.726200580596923828e+00
7.199460029602050781e+00 1.154824852943420410e+00 1.023208904266357422e+01 1.422882270812988281e+01 1.734937429428100586e+00 7.307653427124023438e-01 5.676167488098144531e+00 1.463565677404403687e-01 -6.825095653533935547e+00 1.281794548034667969e+01 2.186069726943969727e+00 5.585799813270568848e-01 3.811132907867431641e+00
7.184139251708984375e+00 1.130798697471618652e+00 1.023446273803710938e+01 1.426626396179199219e+01 1.723270416259765625e+00 6.991084218025207520e-01 5.647544860839843750e+00 1.368786990642547607e-01 -6.854722499847412109e+00 1.283378887176513672e+01 2.167860984802246094e+00 5.292955040931701660e-01 3.756702423095703125e+00
7.152964115142822266e+00 1.107755780220031738e+00 1.025565528869628906e+01 1.430815505981445312e+01 1.716302871704101562e+00 6.607762575149536133e-01 5.740525245666503906e+00 1.278894692659378052e-01 -6.860506057739257812e+00 1.288644886016845703e+01 2.142917394638061523e+00 4.883141219615936279e-01 3.684611320495605469e+00
7.214297771453857422e+00 1.101070642471313477e+00 1.024669742584228516e+01 1.434713268280029297e+01 1.737183570861816406e+00 6.421045064926147461e-01 5.740384101867675781e+00 1.224535852670669556e-01 -6.866315841674804688e+00 1.291376686096191406e+01 2.120733499526977539e+00 4.630213379859924316e-01 3.672367572784423828e+00
7.177653312683105469e+00 1.080943465232849121e+00 1.027682018280029297e+01 1.439753532409667969e+01 1.717302441596984863e+00 6.087495088577270508e-01 5.748635292053222656e+00 1.163924038410186768e-01 -6.907827854156494141e+00 1.296937084197998047e+01 2.091357946395874023e+00 4.302106201648712158e-01 3.744418859481811523e+00
7.223478794097900391e+00 1.054453134536743164e+00 1.030260372161865234e+01 1.447534179687500000e+01 1.710874795913696289e+00 5.755054354667663574e-01 5.794190883636474609e+00 1.059561744332313538e-01 -6.921174049377441406e+00 1.303907871246337891e+01 2.069932460784912109e+00 3.903955817222595215e-01 3.729566097259521484e+00
7.232036113739013672e+00 1.023835659027099609e+00 1.031175422668457031e+01 1.452526950836181641e+01 1.713686347007751465e+00 5.430828332901000977e-01 5.877072334289550781e+00 9.886409342288970947e-02 -6.950185775756835938e+00 1.308452701568603516e+01 2.040752649307250977e+00 3.590273559093475342e-01 3.786955356597900391e+00
7.262122154235839844e+00 1.006469011306762695e+00 1.031647586822509766e+01 1.455883979797363281e+01 1.705996513366699219e+00 5.086694359779357910e-01 5.919950485229492188e+00 9.307452291250228882e-02 -6.960175991058349609e+00 1.311478042602539062e+01 2.022676467895507812e+00 3.188769221305847168e-01 3.707051992416381836e+00
7.253216266632080078e+00 9.929644465446472168e-01 1.033937931060791016e+01 1.463772392272949219e+01 1.709230899810791016e+00 4.753218591213226318e-01 5.899435043334960938e+00 8.676600456237792969e-02 -6.988184452056884766e+00 1.317835426330566406e+01 1.992458701133728027e+00 2.879870831966400146e-01 3.763388156890869141e+00
7.281614780426025391e+00 9.682585000991821289e-01 1.034895324707031250e+01 1.468424320220947266e+01 1.688302755355834961e+00 4.358091354370117188e-01 5.960744857788085938e+00 7.563440501689910889e-02 -7.007013320922851562e+00 1.320840167999267578e+01 1.970178127288818359e+00 2.613411247730255127e-01 3.744794845581054688e+00
7.275488853454589844e+00 9.386601448059082031e-01 1.038259315490722656e+01 1.475947952270507812e+01 1.677435755729675293e+00 4.050517678260803223e-01 5.998534679412841797e+00 7.186506688594818115e-02 -7.043328762054443359e+00 1.326436042785644531e+01 1.937286496162414551e+00 2.236590087413787842e-01 3.693388938903808594e+00
7.287773609161376953e+00 9.298400282859802246e-01 1.037896156311035156e+01 1.476481342315673828e+01 1.692832469940185547e+00 3.836790025234222412e-01 6.014167785644531250e+00 6.297601759433746338e-02 -7.049277305603027344e+00 1.330196952819824219e+01 1.925724029541015625e+00 1.905259639024734497e-01 3.748116493225097656e+00
7.296594142913818359e+00 9.079622626304626465e-01 1.038603496551513672e+01 1.485281276702880859e+01 1.687531948089599609e+00 3.422124087810516357e-01 6.091166019439697266e+00 5.795205757021903992e-02 -7.075471401214599609e+00 1.334212207794189453e+01 1.908763051033020020e+00 1.612813323736190796e-01 3.724452257156372070e+00
7.355344295501708984e+00 8.945900201797485352e-01 1.039945125579833984e+01 1.488485813140869141e+01 1.694485306739807129e+00 3.124719858169555664e-01 6.116951942443847656e+00 4.751727730035781860e-02 -7.097653388977050781e+00 1.338132476806640625e+01 1.878919482231140137e+00 1.246427968144416809e-01 3.715860605239868164e+00
7.361862182617187500e+00 8.774943351745605469e-01 1.039388275146484375e+01 1.492887973785400391e+01 1.690212607383728027e+00 2.793148159980773926e-01 6.139166355133056641e+00 4.428719356656074524e-02 -7.133010864257812500e+00 1.340758609771728516e+01 1.848245978355407715e+00 9.043049812316894531e-02 3.708713054656982422e+00
7.348292827606201172e+00 8.570079803466796875e-01 1.041252326965332031e+01 1.497383499145507812e+01 1.693694353103637695e+00 2.418894916772842407e-01 6.160233974456787109e+00 3.732274845242500305e-02 -7.147825717926025391e+00 1.343835544586181641e+01 1.836299419403076172e+00 5.811097845435142517e-02 3.641555309295654297e+00
7.357266426086425781e+00 8.413583040237426758e-01 1.041391468048095703e+01 1.502393817901611328e+01 1.691154837608337402e+00 2.083341926336288452e-01 6.216274738311767578e+00 2.417686581611633301e-02 -7.172195434570312500e+00 1.349839687347412109e+01 1.809666395187377930e+00 1.918455585837364197e-02 3.659181118011474609e+00
7.356914520263671875e+00 8.186504244804382324e-01 1.042840385437011719e+01 1.503866195678710938e+01 1.695024371147155762e+00 1.843315809965133667e-01 6.256008148193359375e+00 1.332554500550031662e-02 -7.197666168212890625e+00 1.354541110992431641e+01 1.790044665336608887e+00 -1.240571867674589157e-02 3.680672645568847656e+00
7.413407802581787109e+00 7.953854203224182129e-01 1.043699169158935547e+01 1.515456199645996094e+01 1.679343938827514648e+00 1.461392641067504883e-01 6.330975055694580078e+00 8.525284007191658020e-03 -7.211991786956787109e+00 1.359147548675537109e+01 1.772735953330993652e+00 -5.142567306756973267e-02 3.644506931304931641e+00
7.413078308105468750e+00 7.808156609535217285e-01 1.045855808258056641e+01 1.513937854766845703e+01 1.698749303817749023e+00 1.127972900867462158e-01 6.310785770416259766e+00 -3.146999515593051910e-03 -7.242589950561523438e+00 1.363381385803222656e+01 1.745079040527343750e+00 -7.358373701572418213e-02 3.618007898330688477e+00
7.385543346405029297e+00 7.672034502029418945e-01 1.045719718933105469e+01 1.520672512054443359e+01 1.675536394119262695e+00 7.107745110988616943e-02 6.330676555633544922e+00 -3.674666164442896843e-03 -7.262471199035644531e+00 1.363880062103271484e+01 1.731022119522094727e+00 -1.119706854224205017e-01 3.564241170883178711e+00
7.416582107543945312e+00 7.466979622840881348e-01 1.045996570587158203e+01 1.525093173980712891e+01 1.689388155937194824e+00 4.001375660300254822e-02 6.373149394989013672e+00 -1.349618937820196152e-02 -7.282656192779541016e+00 1.368351840972900391e+01 1.716210961341857910e+00 -1.471000760793685913e-01 3.639880657196044922e+00
7.446574211120605469e+00 7.209874987602233887e-01 1.049785232543945312e+01 1.534545612335205078e+01 1.672292470932006836e+00 6.495793815702199936e-03 6.433778762817382812e+00 -1.477754954248666763e-02 -7.328712463378906250e+00 1.376014423370361328e+01 1.686863064765930176e+00 -1.842951029539108276e-01 3.667375564575195312e+00
7.467118263244628906e+00 6.921645998954772949e-01 1.049586486816406250e+01 1.534793663024902344e+01 1.680535078048706055e+00 -2.466585673391819000e-02 6.509176731109619141e+00 -3.277991712093353271e-02 -7.343468189239501953e+00 1.377497196197509766e+01 1.658304929733276367e+00 -2.100438624620437622e-01 3.610361814498901367e+00
7.439926624298095703e+00 6.836528182029724121e-01 1.050422286987304688e+01 1.541363716125488281e+01 1.677164673805236816e+00 -5.923446267843246460e-02 6.484889507293701172e+00 -3.122347220778465271e-02 -7.363298416137695312e+00 1.382179450988769531e+01 1.638956308364868164e+00 -2.387608438730239868e-01 3.521635770797729492e+00
7.481951236724853516e+00 6.694037318229675293e-01 1.053259372711181641e+01 1.546879863739013672e+01 1.678180575370788574e+00 -9.678393602371215820e-02 6.552267074584960938e+00 -4.222416877746582031e-02 -7.406491279602050781e+00 1.386110210418701172e+01 1.610260486602783203e+00 -2.789812386035919189e-01 3.582079410552978516e+00
7.441117763519287109e+00 6.613618135452270508e-01 1.052938270568847656e+01 1.549525928497314453e+01 1.693598747253417969e+00 -1.249576583504676819e-01 6.587143898010253906e+00 -5.065948888659477234e-02 -7.419239044189453125e+00 1.389186954498291016e+01 1.596994996070861816e+00 -3.168323636054992676e-01 3.511180877685546875e+00
7.460439682006835938e+00 6.237060427665710449e-01 1.055005073547363281e+01 1.556605243682861328e+01 1.665460467338562012e+00 -1.667430996894836426e-01 6.619733810424804688e+00 -5.912391841411590576e-02 -7.453305244445800781e+00 1.394994163513183594e+01 1.567791223526000977e+00 -3.401634693145751953e-01 3.590648889541625977e+00
7.507885932922363281e+00 5.906774401664733887e-01 1.057360649108886719e+01 1.563927841186523438e+01 1.657742619514465332e+00 -1.927145570516586304e-01 6.673731803894042969e+00 -6.228221952915191650e-02 -7.493073463439941406e+00 1.398218631744384766e+01 1.549369454383850098e+00 -3.911803662776947021e-01 3.608262300491333008e+00
