# 938.1314814814815|19
7.393251895904541016e+00 1.393032789230346680e+00 9.655141830444335938e+00 1.366078281402587891e+01 2.027807950973510742e+00 6.267847418785095215e-01 5.207214832305908203e+00 5.664594173431396484e-01 -6.999492645263671875e+00 1.291225147247314453e+01 2.340040922164916992e+00 -3.349696099758148193e-01 3.493511915206909180e+00
7.371417999267578125e+00 1.393421053886413574e+00 9.658395767211914062e+00 1.363862800598144531e+01 2.025318145751953125e+00 6.418405175209045410e-01 5.210629940032958984e+00 5.523170828819274902e-01 -6.977414608001708984e+00 1.289563083648681641e+01 2.339706420898437500e+00 -3.059909939765930176e-01 3.518243551254272461e+00
7.395255088806152344e+00 1.373023748397827148e+00 9.717542648315429688e+00 1.374764156341552734e+01 1.998927235603332520e+00 6.374582052230834961e-01 5.275764465332031250e+00 5.342546105384826660e-01 -6.979477405548095703e+00 1.289180946350097656e+01 2.324729442596435547e+00 -2.765243649482727051e-01 3.416353940963745117e+00
7.371319293975830078e+00 1.350743770599365234e+00 9.722976684570312500e+00 1.375663757324218750e+01 1.978698253631591797e+00 6.215268373489379883e-01 5.309494018554687500e+00 5.084335803985595703e-01 -6.985403060913085938e+00 1.289319992065429688e+01 2.306261777877807617e+00 -2.358146905899047852e-01 3.570976257324218750e+00
7.356348991394042969e+00 1.316679120063781738e+00 9.776478767395019531e+00 1.382966709136962891e+01 1.963394403457641602e+00 6.152007579803466797e-01 5.347041130065917969e+00 4.770465791225433350e-01 -6.986556529998779297e+00 1.294431781768798828e+01 2.290338039398193359e+00 -2.132464647293090820e-01 3.554735898971557617e+00
7.329999923706054688e+00 1.314093589782714844e+00 9.800182342529296875e+00 1.387379932403564453e+01 1.949866056442260742e+00 6.012088656425476074e-01 5.338590621948242188e+00 4.589627683162689209e-01 -6.973491191864013672e+00 1.293381118774414062e+01 2.279220104217529297e+00 -1.790056228637695312e-01 3.392444610595703125e+00
7.377726078033447266e+00 1.293038010597229004e+00 9.825142860412597656e+00 1.391765975952148438e+01 1.939364314079284668e+00 5.879482626914978027e-01 5.430558681488037109e+00 4.291747212409973145e-01 -6.986927986145019531e+00 1.295415496826171875e+01 2.259093046188354492e+00 -1.494397521018981934e-01 3.481183290481567383e+00
7.367950439453125000e+00 1.270138144493103027e+00 9.860883712768554688e+00 1.396941471099853516e+01 1.924533247947692871e+00 5.719186067581176758e-01 5.445337295532226562e+00 4.013535976409912109e-01 -6.998273849487304688e+00 1.298880100250244141e+01 2.236904144287109375e+00 -1.219890192151069641e-01 3.566624402999877930e+00
7.340247154235839844e+00 1.239164948463439941e+00 9.902836799621582031e+00 1.401882553100585938e+01 1.908733367919921875e+00 5.641806125640869141e-01 5.515174388885498047e+00 3.741220533847808838e-01 -6.971347808837890625e+00 1.298614883422851562e+01 2.207554101943969727e+00 -9.194876998662948608e-02 3.525811433792114258e+00
7.359939098358154297e+00 1.207697629928588867e+00 9.957254409790039062e+00 1.409433650970458984e+01 1.883235931396484375e+00 5.527749657630920410e-01 5.547387599945068359e+00 3.469066321849822998e-01 -6.972808837890625000e+00 1.303146648406982422e+01 2.191537380218505859e+00 -5.962700396776199341e-02 3.529007196426391602e+00
7.347006320953369141e+00 1.182827949523925781e+00 9.997474670410156250e+00 1.416774559020996094e+01 1.868899583816528320e+00 5.440927147865295410e-01 5.585429191589355469e+00 3.208606243133544922e-01 -6.982651710510253906e+00 1.306247043609619141e+01 2.162656307220458984e+00 -3.386292234063148499e-02 3.536967992782592773e+00
7.393478393554687500e+00 1.111359477043151855e+00 1.010619831085205078e+01 1.431735801696777344e+01 1.796946287155151367e+00 5.197284817695617676e-01 5.700799942016601562e+00 2.939161956310272217e-01 -6.963896751403808594e+00 1.317477035522460938e+01 2.098805665969848633e+00 -2.340701408684253693e-02 3.685293674468994141e+00
7.266340255737304688e+00 1.149476408958435059e+00 1.005333995819091797e+01 1.425069713592529297e+01 1.838750123977661133e+00 5.175936818122863770e-01 5.591552257537841797e+00 2.763948440551757812e-01 -6.978531360626220703e+00 1.307991790771484375e+01 2.123934507369995117e+00 2.702938392758369446e-02 3.587179422378540039e+00
7.366624355316162109e+00 1.055925726890563965e+00 1.017905235290527344e+01 1.443508529663085938e+01 1.766485810279846191e+00 4.988150596618652344e-01 5.754034996032714844e+00 2.450218647718429565e-01 -7.074523448944091797e+00 1.321285438537597656e+01 2.048511505126953125e+00 4.193262010812759399e-02 3.751558065414428711e+00
7.382086753845214844e+00 1.041579604148864746e+00 1.021430587768554688e+01 1.446010112762451172e+01 1.745353341102600098e+00 4.817527234554290771e-01 5.843451499938964844e+00 2.267611324787139893e-01 -7.061757087707519531e+00 1.318993186950683594e+01 2.044275045394897461e+00 7.958710193634033203e-02 3.728905439376831055e+00
7.358356475830078125e+00 1.021573305130004883e+00 1.026809597015380859e+01 1.451546955108642578e+01 1.730230689048767090e+00 4.742772281169891357e-01 5.836157798767089844e+00 1.924429982900619507e-01 -7.082901954650878906e+00 1.322637176513671875e+01 2.018702745437622070e+00 1.007402986288070679e-01 3.758426427841186523e+00
7.276180744171142578e+00 1.074025034904479980e+00 1.019242191314697266e+01 1.446140956878662109e+01 1.779551625251770020e+00 4.700574278831481934e-01 5.843696117401123047e+00 1.693185567855834961e-01 -7.021236896514892578e+00 1.313378810882568359e+01 2.044141530990600586e+00 1.478985995054244995e-01 3.608067750930786133e+00
7.242146968841552734e+00 1.042951226234436035e+00 1.022626113891601562e+01 1.452684879302978516e+01 1.757002592086791992e+00 4.614821374416351318e-01 5.838971614837646484e+00 1.489248722791671753e-01 -7.010013580322265625e+00 1.314964008331298828e+01 2.034683465957641602e+00 1.746860742568969727e-01 3.609753847122192383e+00
7.204779148101806641e+00 1.010028004646301270e+00 1.026623821258544922e+01 1.457439708709716797e+01 1.735850095748901367e+00 4.448604583740234375e-01 5.869971752166748047e+00 1.108520627021789551e-01 -7.038600921630859375e+00 1.318991661071777344e+01 2.013647556304931641e+00 2.076360136270523071e-01 3.723324060440063477e+00
7.255511760711669922e+00 9.918618798255920410e-01 1.030764865875244141e+01 1.462720298767089844e+01 1.724253535270690918e+00 4.250591993331909180e-01 5.934290885925292969e+00 8.260299265384674072e-02 -7.032983779907226562e+00 1.319027423858642578e+01 1.987185239791870117e+00 2.319059222936630249e-01 3.702229499816894531e+00
7.275478839874267578e+00 9.690249562263488770e-01 1.035737133026123047e+01 1.469296264648437500e+01 1.703525424003601074e+00 4.178972840309143066e-01 5.979044914245605469e+00 6.066047027707099915e-02 -7.035799503326416016e+00 1.319761371612548828e+01 1.972002863883972168e+00 2.681350111961364746e-01 3.718269109725952148e+00
7.246691226959228516e+00 9.411810040473937988e-01 1.038964653015136719e+01 1.473784065246582031e+01 1.682194828987121582e+00 4.034143388271331787e-01 6.067764282226562500e+00 3.474200144410133362e-02 -7.035535812377929688e+00 1.324009418487548828e+01 1.947527050971984863e+00 2.931635677814483643e-01 3.678833007812500000e+00
7.314056396484375000e+00 8.856097459793090820e-01 1.048543357849121094e+01 1.488102912902832031e+01 1.625250697135925293e+00 3.940516710281372070e-01 6.109816074371337891e+00 1.300529204308986664e-02 -7.117876052856445312e+00 1.330005264282226562e+01 1.884334802627563477e+00 3.085859417915344238e-01 3.715838193893432617e+00
7.222954750061035156e+00 8.805366158485412598e-01 1.046097183227539062e+01 1.486320781707763672e+01 1.645337820053100586e+00 3.905282020568847656e-01 6.082628726959228516e+00 -2.167077548801898956e-02 -7.055093288421630859e+00 1.326604747772216797e+01 1.909470915794372559e+00 3.566527962684631348e-01 3.719931602478027344e+00
7.222068786621093750e+00 8.667227029800415039e-01 1.051959419250488281e+01 1.495260715484619141e+01 1.629878401756286621e+00 3.744434118270874023e-01 6.191408634185791016e+00 -5.382089689373970032e-02 -7.049633026123046875e+00 1.329213142395019531e+01 1.881523966789245605e+00 3.850819468498229980e-01 3.737379550933837891e+00
7.201258659362792969e+00 8.403999209403991699e-01 1.055787372589111328e+01 1.497552490234375000e+01 1.601217746734619141e+00 3.621478080749511719e-01 6.189615249633789062e+00 -7.137390226125717163e-02 -7.071295261383056641e+00 1.330831432342529297e+01 1.862578988075256348e+00 4.111900329589843750e-01 3.735684394836425781e+00
7.220159053802490234e+00 8.234008550643920898e-01 1.057604312896728516e+01 1.504630088806152344e+01 1.602689504623413086e+00 3.493041396141052246e-01 6.213589191436767578e+00 -1.024589985609054565e-01 -7.063978195190429688e+00 1.329075241088867188e+01 1.846063852310180664e+00 4.468628168106079102e-01 3.714609146118164062e+00
7.156589984893798828e+00 8.051939606666564941e-01 1.063620567321777344e+01 1.512408447265625000e+01 1.573337912559509277e+00 3.343453109264373779e-01 6.281960964202880859e+00 -1.249592080712318420e-01 -7.071798801422119141e+00 1.334358882904052734e+01 1.819401502609252930e+00 4.761894047260284424e-01 3.856139659881591797e+00
7.177413940429687500e+00 7.924623489379882812e-01 1.066930961608886719e+01 1.516023921966552734e+01 1.563870429992675781e+00 3.264179527759552002e-01 6.255383014678955078e+00 -1.538308709859848022e-01 -7.078061103820800781e+00 1.332974720001220703e+01 1.800416827201843262e+00 5.079663395881652832e-01 3.666665792465209961e+00
7.194659233093261719e+00 7.709967494010925293e-01 1.070156192779541016e+01 1.519798469543457031e+01 1.550108194351196289e+00 3.119666576385498047e-01 6.309419155120849609e+00 -1.739371716976165771e-01 -7.116827011108398438e+00 1.334362125396728516e+01 1.794903993606567383e+00 5.324627757072448730e-01 3.726811885833740234e+00
7.149413585662841797e+00 7.351582646369934082e-01 1.072461986541748047e+01 1.525754261016845703e+01 1.536787629127502441e+00 3.037067651748657227e-01 6.415543079376220703e+00 -2.017980217933654785e-01 -7.134841442108154297e+00 1.336395549774169922e+01 1.762142419815063477e+00 5.768375992774963379e-01 3.816139221191406250e+00
7.142232894897460938e+00 7.060433626174926758e-01 1.076872920989990234e+01 1.537093925476074219e+01 1.492444515228271484e+00 2.871884703636169434e-01 6.430291652679443359e+00 -2.312098443508148193e-01 -7.145158767700195312e+00 1.339222335815429688e+01 1.737310886383056641e+00 5.976024270057678223e-01 3.786876916885375977e+00
7.127777576446533203e+00 6.860811710357666016e-01 1.081565856933593750e+01 1.538376903533935547e+01 1.489662051200866699e+00 2.779180109500885010e-01 6.496094703674316406e+00 -2.537603378295898438e-01 -7.164851188659667969e+00 1.340811634063720703e+01 1.721123814582824707e+00 6.267881393432617188e-01 3.837902784347534180e+00
7.145993709564208984e+00 6.444201469421386719e-01 1.088194656372070312e+01 1.548166275024414062e+01 1.459342360496520996e+00 2.685458362102508545e-01 6.591733455657958984e+00 -2.838078737258911133e-01 -7.172977924346923828e+00 1.342741775512695312e+01 1.698846101760864258e+00 6.632034778594970703e-01 3.894979000091552734e+00
7.151589870452880859e+00 6.234669089317321777e-01 1.093396949768066406e+01 1.555849552154541016e+01 1.429389595985412598e+00 2.508139014244079590e-01 6.589206218719482422e+00 -3.090971410274505615e-01 -7.202555179595947266e+00 1.350095462799072266e+01 1.656371593475341797e+00 6.842290759086608887e-01 3.949309349060058594e+00
7.221037864685058594e+00 5.771545767784118652e-01 1.097455024719238281e+01 1.563178157806396484e+01 1.391880273818969727e+00 2.299721986055374146e-01 6.778797149658203125e+00 -3.329074382781982422e-01 -7.210957527160644531e+00 1.352774047851562500e+01 1.626555681228637695e+00 7.213764786720275879e-01 3.961726188659667969e+00
7.168393611907958984e+00 5.612792968750000000e-01 1.105016517639160156e+01 1.569169807434082031e+01 1.387888312339782715e+00 2.209655195474624634e-01 6.701152324676513672e+00 -3.658142387866973877e-01 -7.213613033294677734e+00 1.355814266204833984e+01 1.605566501617431641e+00 7.505626678466796875e-01 3.866249561309814453e+00
7.173618793487548828e+00 5.168242454528808594e-01 1.114580821990966797e+01 1.577443218231201172e+01 1.347252368927001953e+00 2.024962157011032104e-01 6.818076610565185547e+00 -3.910066187381744385e-01 -7.217606067657470703e+00 1.360969829559326172e+01 1.563668370246887207e+00 7.760921120643615723e-01 3.969992876052856445e+00
7.181496143341064453e+00 4.672075808048248291e-01 1.119359779357910156e+01 1.586468791961669922e+01 1.310532927513122559e+00 1.866392791271209717e-01 6.887393474578857422e+00 -4.248005151748657227e-01 -7.214027881622314453e+00 1.364722251892089844e+01 1.526067972183227539e+00 7.930683493614196777e-01 4.084206581115722656e+00
