# -794.0203703703704|19
7.102086544036865234e+00 1.185634851455688477e+00 1.120935058593750000e+01 1.589561080932617188e+01 1.050897479057312012e+00 2.146269977092742920e-01 6.905536174774169922e+00 -4.718692004680633545e-01 -7.439427375793457031e+00 1.354726409912109375e+01 1.303707003593444824e+00 8.561424612998962402e-01 3.962582111358642578e+00
7.113977432250976562e+00 1.176543593406677246e+00 1.120396327972412109e+01 1.586185646057128906e+01 1.059025406837463379e+00 2.203990668058395386e-01 6.835825920104980469e+00 -4.534129202365875244e-01 -7.424801826477050781e+00 1.357624149322509766e+01 1.311968922615051270e+00 8.282987475395202637e-01 3.980307102203369141e+00
7.099230766296386719e+00 1.178211569786071777e+00 1.115466308593750000e+01 1.581040287017822266e+01 1.103302240371704102e+00 2.288101464509963989e-01 6.799927711486816406e+00 -4.252603948116302490e-01 -7.419609069824218750e+00 1.356881237030029297e+01 1.344325900077819824e+00 8.082866072654724121e-01 3.906586408615112305e+00
7.110064506530761719e+00 1.163576364517211914e+00 1.110730838775634766e+01 1.574211788177490234e+01 1.130142331123352051e+00 2.416570633649826050e-01 6.744291305541992188e+00 -3.963554799556732178e-01 -7.370131969451904297e+00 1.353808784484863281e+01 1.382186293601989746e+00 7.754794359207153320e-01 3.953201770782470703e+00
7.124279022216796875e+00 1.153503060340881348e+00 1.106670093536376953e+01 1.568696403503417969e+01 1.164688229560852051e+00 2.587186098098754883e-01 6.662397384643554688e+00 -3.750734627246856689e-01 -7.351972103118896484e+00 1.350668811798095703e+01 1.404373526573181152e+00 7.481338381767272949e-01 3.886873960494995117e+00
7.146941184997558594e+00 1.129628181457519531e+00 1.105301475524902344e+01 1.563466739654541016e+01 1.179167628288269043e+00 2.656792104244232178e-01 6.668650627136230469e+00 -3.458717167377471924e-01 -7.348388671875000000e+00 1.353046226501464844e+01 1.437716007232666016e+00 7.170955538749694824e-01 3.832042455673217773e+00
7.052114486694335938e+00 1.194092273712158203e+00 1.086682415008544922e+01 1.543327617645263672e+01 1.282800555229187012e+00 2.839698493480682373e-01 6.544393539428710938e+00 -3.192252218723297119e-01 -7.288373470306396484e+00 1.338279438018798828e+01 1.538542032241821289e+00 7.085847854614257812e-01 3.816254138946533203e+00
7.177291393280029297e+00 1.107159614562988281e+00 1.095268630981445312e+01 1.553557491302490234e+01 1.252133369445800781e+00 2.904467582702636719e-01 6.636124610900878906e+00 -2.910523116588592529e-01 -7.305886745452880859e+00 1.349850082397460938e+01 1.499227762222290039e+00 6.522473692893981934e-01 3.761550188064575195e+00
7.181663036346435547e+00 1.088335871696472168e+00 1.092553710937500000e+01 1.547036361694335938e+01 1.270078539848327637e+00 2.902449071407318115e-01 6.538607597351074219e+00 -2.586517930030822754e-01 -7.281566143035888672e+00 1.346719074249267578e+01 1.530709385871887207e+00 6.232443451881408691e-01 3.956511259078979492e+00
7.159894466400146484e+00 1.062826871871948242e+00 1.088418579101562500e+01 1.540648651123046875e+01 1.301093935966491699e+00 3.008415699005126953e-01 6.521484375000000000e+00 -2.342947423458099365e-01 -7.265611171722412109e+00 1.346843433380126953e+01 1.568118333816528320e+00 5.846703052520751953e-01 3.823998928070068359e+00
7.092423915863037109e+00 1.112306356430053711e+00 1.073935985565185547e+01 1.523921012878417969e+01 1.388073325157165527e+00 3.195841610431671143e-01 6.350677967071533203e+00 -2.024950981140136719e-01 -7.244803428649902344e+00 1.334528255462646484e+01 1.648907184600830078e+00 5.768832564353942871e-01 3.721754550933837891e+00
7.174383640289306641e+00 1.065701365470886230e+00 1.078415298461914062e+01 1.523612976074218750e+01 1.394303321838378906e+00 3.270027339458465576e-01 6.374436378479003906e+00 -1.797772794961929321e-01 -7.212010860443115234e+00 1.342317295074462891e+01 1.636665225028991699e+00 5.222639441490173340e-01 3.884062767028808594e+00
7.187877655029296875e+00 1.048244476318359375e+00 1.073596763610839844e+01 1.521181869506835938e+01 1.410078525543212891e+00 3.399516940116882324e-01 6.377825736999511719e+00 -1.545808017253875732e-01 -7.179385662078857422e+00 1.339978408813476562e+01 1.674201250076293945e+00 4.987199604511260986e-01 3.747102260589599609e+00
7.121656894683837891e+00 1.055950760841369629e+00 1.065012931823730469e+01 1.512209415435791016e+01 1.466594099998474121e+00 3.489650189876556396e-01 6.229017734527587891e+00 -1.273688077926635742e-01 -7.203916549682617188e+00 1.332174301147460938e+01 1.732697963714599609e+00 4.828446507453918457e-01 3.753517150878906250e+00
7.181022644042968750e+00 1.024246573448181152e+00 1.065466308593750000e+01 1.507726955413818359e+01 1.479137659072875977e+00 3.555132150650024414e-01 6.309874057769775391e+00 -9.770217537879943848e-02 -7.149144649505615234e+00 1.336199569702148438e+01 1.742291450500488281e+00 4.320594370365142822e-01 3.719348430633544922e+00
7.245859146118164062e+00 9.847256541252136230e-01 1.063000011444091797e+01 1.505948829650878906e+01 1.500414252281188965e+00 3.702580034732818604e-01 6.231042385101318359e+00 -6.570014357566833496e-02 -7.130609512329101562e+00 1.335554409027099609e+01 1.762612819671630859e+00 4.064656794071197510e-01 3.766846656799316406e+00
7.162707805633544922e+00 1.022819399833679199e+00 1.048622798919677734e+01 1.490533638000488281e+01 1.575117945671081543e+00 3.785636723041534424e-01 6.071671009063720703e+00 -4.167200252413749695e-02 -7.123855590820312500e+00 1.325865840911865234e+01 1.848936796188354492e+00 3.876517415046691895e-01 3.563514232635498047e+00
7.240884304046630859e+00 9.625716805458068848e-01 1.054906558990478516e+01 1.492331123352050781e+01 1.557208538055419922e+00 3.821316063404083252e-01 6.163608551025390625e+00 -1.033536437898874283e-02 -7.121495723724365234e+00 1.335843181610107422e+01 1.822882175445556641e+00 3.423611819744110107e-01 3.844655752182006836e+00
7.293829917907714844e+00 9.276191592216491699e-01 1.054269504547119141e+01 1.492152881622314453e+01 1.574305772781372070e+00 3.939442336559295654e-01 6.194258213043212891e+00 2.050548046827316284e-02 -7.091215610504150391e+00 1.334785175323486328e+01 1.842922091484069824e+00 3.057867586612701416e-01 3.724232912063598633e+00
7.279809474945068359e+00 9.176888465881347656e-01 1.048670196533203125e+01 1.487256813049316406e+01 1.606011033058166504e+00 4.032170474529266357e-01 6.078595161437988281e+00 4.253515601158142090e-02 -7.085167407989501953e+00 1.333156967163085938e+01 1.880451321601867676e+00 2.756700217723846436e-01 3.617597818374633789e+00
7.292610168457031250e+00 8.974653482437133789e-01 1.045398998260498047e+01 1.481821060180664062e+01 1.647636651992797852e+00 4.164829850196838379e-01 6.119882583618164062e+00 7.575332373380661011e-02 -7.075453281402587891e+00 1.331406307220458984e+01 1.918143033981323242e+00 2.356935143470764160e-01 3.821189880371093750e+00
7.285012245178222656e+00 8.919675350189208984e-01 1.041377353668212891e+01 1.479119491577148438e+01 1.681237339973449707e+00 4.220833182334899902e-01 6.077730178833007812e+00 1.034994199872016907e-01 -7.093500614166259766e+00 1.329739856719970703e+01 1.947141408920288086e+00 2.150339484214782715e-01 3.782189369201660156e+00
7.322485923767089844e+00 8.922439217567443848e-01 1.035379886627197266e+01 1.466355419158935547e+01 1.726474285125732422e+00 4.371374249458312988e-01 5.916509151458740234e+00 1.295682340860366821e-01 -7.081876754760742188e+00 1.326327991485595703e+01 1.992073059082031250e+00 1.764829307794570923e-01 3.765300512313842773e+00
7.345299243927001953e+00 8.668608665466308594e-01 1.031834888458251953e+01 1.461548233032226562e+01 1.756771326065063477e+00 4.507327973842620850e-01 5.889379978179931641e+00 1.612824350595474243e-01 -7.056185245513916016e+00 1.321446609497070312e+01 2.020058393478393555e+00 1.533703655004501343e-01 3.716592311859130859e+00
7.350481986999511719e+00 8.628709912300109863e-01 1.028021526336669922e+01 1.456104946136474609e+01 1.780436396598815918e+00 4.529843628406524658e-01 5.888044357299804688e+00 1.840916275978088379e-01 -7.027831077575683594e+00 1.323882102966308594e+01 2.059272289276123047e+00 1.268988400697708130e-01 3.743567228317260742e+00
7.333529949188232422e+00 8.198924660682678223e-01 1.024322414398193359e+01 1.451830196380615234e+01 1.805796504020690918e+00 4.671016335487365723e-01 5.847589969635009766e+00 2.154700309038162231e-01 -7.000663757324218750e+00 1.323419380187988281e+01 2.074404239654541016e+00 8.955592662096023560e-02 3.710097312927246094e+00
7.367401599884033203e+00 7.988456487655639648e-01 1.021871471405029297e+01 1.446890735626220703e+01 1.820063829421997070e+00 4.760539829730987549e-01 5.774331569671630859e+00 2.387118935585021973e-01 -6.969182968139648438e+00 1.321120262145996094e+01 2.104986429214477539e+00 5.151967331767082214e-02 3.704005002975463867e+00
7.389189243316650391e+00 7.973494529724121094e-01 1.017639446258544922e+01 1.440575599670410156e+01 1.867591381072998047e+00 4.815412759780883789e-01 5.751106262207031250e+00 2.704469263553619385e-01 -6.946735382080078125e+00 1.322479057312011719e+01 2.149338960647583008e+00 1.819852367043495178e-02 3.618105173110961914e+00
7.358458995819091797e+00 7.769722342491149902e-01 1.015297603607177734e+01 1.437642765045166016e+01 1.901305198669433594e+00 5.045485496520996094e-01 5.652040004730224609e+00 2.956184148788452148e-01 -6.925434589385986328e+00 1.320778656005859375e+01 2.175256013870239258e+00 -5.776161793619394302e-03 3.724213600158691406e+00
7.307232856750488281e+00 8.184308409690856934e-01 1.001372623443603516e+01 1.419661140441894531e+01 1.994222402572631836e+00 5.168724060058593750e-01 5.592913627624511719e+00 3.211032450199127197e-01 -6.860487461090087891e+00 1.309108066558837891e+01 2.260692834854125977e+00 -2.536660619080066681e-02 3.648516178131103516e+00
7.397945404052734375e+00 7.469758391380310059e-01 1.004790687561035156e+01 1.426253128051757812e+01 1.960198998451232910e+00 5.189327001571655273e-01 5.619458198547363281e+00 3.450843095779418945e-01 -6.863341331481933594e+00 1.317203617095947266e+01 2.245201587677001953e+00 -7.348243147134780884e-02 3.589796066284179688e+00
7.436228752136230469e+00 7.503104805946350098e-01 1.000739383697509766e+01 1.416417694091796875e+01 1.997351288795471191e+00 5.352382063865661621e-01 5.553518772125244141e+00 3.814386427402496338e-01 -6.822065830230712891e+00 1.314554500579833984e+01 2.282359361648559570e+00 -1.101414039731025696e-01 3.693891525268554688e+00
7.421253204345703125e+00 7.488361597061157227e-01 9.946332931518554688e+00 1.408988761901855469e+01 2.062627077102661133e+00 5.409408807754516602e-01 5.481667518615722656e+00 4.077295064926147461e-01 -6.810947895050048828e+00 1.310645198822021484e+01 2.321909427642822266e+00 -1.359596997499465942e-01 3.621172666549682617e+00
7.413366317749023438e+00 7.344483137130737305e-01 9.889755249023437500e+00 1.403933525085449219e+01 2.085456132888793945e+00 5.524899959564208984e-01 5.519169330596923828e+00 4.356976747512817383e-01 -6.781235694885253906e+00 1.307462882995605469e+01 2.365828752517700195e+00 -1.660969108343124390e-01 3.505558013916015625e+00
7.336616992950439453e+00 7.364196777343750000e-01 9.842006683349609375e+00 1.393107128143310547e+01 2.132123947143554688e+00 5.699049830436706543e-01 5.396715641021728516e+00 4.642607271671295166e-01 -6.768098831176757812e+00 1.304600524902343750e+01 2.414927482604980469e+00 -1.902314871549606323e-01 3.568418979644775391e+00
7.413118362426757812e+00 7.284585833549499512e-01 9.773656845092773438e+00 1.383928012847900391e+01 2.182489633560180664e+00 5.801237225532531738e-01 5.357923984527587891e+00 4.863086938858032227e-01 -6.732093811035156250e+00 1.298921394348144531e+01 2.448540210723876953e+00 -2.213677167892456055e-01 3.523189544677734375e+00
7.387921810150146484e+00 7.128971815109252930e-01 9.732373237609863281e+00 1.380064678192138672e+01 2.206152439117431641e+00 5.950412750244140625e-01 5.318415641784667969e+00 5.192171335220336914e-01 -6.719709396362304688e+00 1.296719455718994141e+01 2.485453128814697266e+00 -2.600840330123901367e-01 3.629439592361450195e+00
7.399815559387207031e+00 6.905767321586608887e-01 9.694362640380859375e+00 1.373794746398925781e+01 2.246194362640380859e+00 6.034934520721435547e-01 5.270278453826904297e+00 5.492150783538818359e-01 -6.698045730590820312e+00 1.296167469024658203e+01 2.524244546890258789e+00 -2.935246229171752930e-01 3.619768857955932617e+00
7.385200500488281250e+00 6.783068180084228516e-01 9.651781082153320312e+00 1.366810417175292969e+01 2.281453371047973633e+00 6.102767586708068848e-01 5.140380859375000000e+00 5.766836404800415039e-01 -6.684514522552490234e+00 1.296702003479003906e+01 2.554674386978149414e+00 -3.235706686973571777e-01 3.587995529174804688e+00
