0.000000000000000e+00  1.100000000000000e-02
4.205000000000000e-01  1.100000000000000e-02
4.205000000000000e-01  3.700000000000000e-02
1.327400000000000e+00  3.700000000000000e-02
1.327400000000000e+00  4.400000000000000e-02
2.330685000000000e+00  4.400000000000000e-02
2.330685000000000e+00  3.000000000000000e-02
2.916979999999999e+00  3.000000000000000e-02
2.916979999999999e+00  1.900000000000000e-02
1.079581999999999e+01  1.900000000000000e-02
1.079581999999999e+01  3.000000000000000e-02
1.138211499999998e+01  3.000000000000000e-02
1.138211499999998e+01  3.700000000000000e-02
1.157868499999998e+01  3.700000000000000e-02
1.157868499999998e+01  4.400000000000000e-02
1.239039999999997e+01  4.400000000000000e-02
1.239039999999997e+01  3.700000000000000e-02
1.329229999999997e+01  3.700000000000000e-02
1.329229999999997e+01  1.100000000000000e-02
1.413329999999997e+01  1.100000000000000e-02
1.413329999999997e+01  3.700000000000000e-02
1.504519999999997e+01  3.700000000000000e-02
1.504519999999997e+01  4.400000000000000e-02
1.585691499999996e+01  4.400000000000000e-02
1.585691499999996e+01  3.700000000000000e-02
1.604348499999996e+01  3.700000000000000e-02
1.604348499999996e+01  3.000000000000000e-02
1.662977999999997e+01  3.000000000000000e-02
1.662977999999997e+01  1.900000000000000e-02
2.450861999999997e+01  1.900000000000000e-02
2.450861999999997e+01  3.000000000000000e-02
2.509491499999999e+01  3.000000000000000e-02
2.509491499999999e+01  4.400000000000000e-02
2.609420000000000e+01  4.400000000000000e-02
2.609420000000000e+01  3.700000000000000e-02
2.700510000000001e+01  3.700000000000000e-02
2.700510000000001e+01  1.100000000000000e-02
2.742560000000001e+01  1.100000000000000e-02