2.208578884601593018e-01
1.937446594238281250e-01
5.528427958488464355e-01
1.071314454078674316e+00
1.321443557739257812e+00
5.324990153312683105e-01
3.336399495601654053e-01
2.157635092735290527e-01
5.901197791099548340e-01
4.241200685501098633e-01
1.000000000000000000e+02
1.286415219306945801e+00
1.121419072151184082e+00
2.281791716814041138e-01
-3.574556484818458557e-02
4.898783266544342041e-01
-1.578908227384090424e-02
-2.892347872257232666e-01
-7.451729774475097656e-01
2.013301551342010498e-01
-1.306711316108703613e+00
-7.064558863639831543e-01
-7.962489128112792969e-02
-6.066911220550537109e-01
-1.268964529037475586e+00
-3.760810941457748413e-02
1.000000000000000000e+02
1.082727789878845215e+00
-2.209336459636688232e-01
-3.301381170749664307e-01
7.493978738784790039e-02
-2.757425010204315186e-01
