7.558195590972900391e+00
1.840868473052978516e+00
-1.979748725891113281e+00
4.211016654968261719e+00
9.058938980102539062e+00
5.412503719329833984e+00
4.038088798522949219e+00
3.666548013687133789e+00
-3.617226600646972656e+00
5.733719825744628906e+00
1.000000000000000000e+02
-8.946099281311035156e+00
-8.700743675231933594e+00
8.477303504943847656e+00
1.000000000000000000e+02
-4.707582592964172363e-01
3.486866652965545654e-01
-1.590072214603424072e-01
1.087090134620666504e+00
3.744573518633842468e-02
2.036988884210586548e-01
9.538491070270538330e-02
1.658176779747009277e+00
1.254085659980773926e+00
-1.283678054809570312e+00
-3.278527498245239258e+00
1.000000000000000000e+02
-2.312065362930297852e+00
1.310087680816650391e+00
-1.014271229505538940e-01
1.000000000000000000e+02
-3.015416622161865234e+00
