7.525159835815429688e+00
1.895753622055053711e+00
-1.912260293960571289e+00
4.035417556762695312e+00
9.339034080505371094e+00
5.418142318725585938e+00
3.973951339721679688e+00
3.689450025558471680e+00
-3.646882534027099609e+00
5.715693950653076172e+00
1.000000000000000000e+02
-8.673065185546875000e+00
-8.732963562011718750e+00
8.424012184143066406e+00
1.373552083969116211e+00
-5.064018964767456055e-01
3.614513278007507324e-01
-1.593537330627441406e-01
1.182055354118347168e+00
1.084486022591590881e-01
2.955854237079620361e-01
1.360736638307571411e-01
1.649549841880798340e+00
1.294326901435852051e+00
-1.342150926589965820e+00
-3.260421991348266602e+00
1.000000000000000000e+02
-2.009833335876464844e+00
1.441246271133422852e+00
-8.498240262269973755e-02
-3.392461299896240234e+00
-3.065531253814697266e+00
