1.269204425811767578e+01
7.289571166038513184e-01
8.100064396858215332e-01
5.362034320831298828e+00
8.084037780761718750e+00
1.660849213600158691e+00
1.950935721397399902e-01
1.188475990295410156e+01
9.008984565734863281e+00
7.440326213836669922e-01
1.000000000000000000e+02
3.825298309326171875e+00
3.422588348388671875e+00
5.331342816352844238e-01
-5.224542617797851562e+00
0.000000000000000000e+00
1.163726925849914551e+00
4.886343181133270264e-01
1.360698819160461426e+00
8.952556550502777100e-02
3.816491365432739258e-01
-2.879897691309452057e-02
6.583952903747558594e-01
6.896830201148986816e-01
1.526194661855697632e-01
-2.463540554046630859e+00
1.000000000000000000e+02
-2.464704036712646484e+00
-6.097444295883178711e-01
-3.162811696529388428e-01
-3.221568584442138672e+00
0.000000000000000000e+00
