2.124051600694656372e-01
4.347618222236633301e-01
3.725745677947998047e-01
1.019749641418457031e+00
5.671388506889343262e-01
2.409074157476425171e-01
1.809001863002777100e-01
4.226880371570587158e-01
3.030969202518463135e-01
2.505246400833129883e-01
1.000000000000000000e+02
7.934858798980712891e-01
5.677456259727478027e-01
5.396299958229064941e-01
1.090657413005828857e-01
1.601654738187789917e-01
5.743058398365974426e-02
-4.926477074623107910e-01
-5.947961211204528809e-01
-1.894196420907974243e-01
-1.227604985237121582e+00
-5.912877917289733887e-01
1.770809739828109741e-01
5.295158550143241882e-02
-1.025292038917541504e+00
-7.197601795196533203e-01
1.000000000000000000e+02
7.110789418220520020e-01
-8.477234244346618652e-01
-7.202102541923522949e-01
-2.741137444972991943e-01
-2.419925183057785034e-01
