1.028356850147247314e-01
1.819895058870315552e-01
4.660805761814117432e-01
7.970654368400573730e-01
9.610031247138977051e-01
nan
2.816684842109680176e-01
3.437348306179046631e-01
3.910995274782180786e-02
3.715114891529083252e-01
4.899478256702423096e-01
3.175697326660156250e-01
nan
6.222611427307128906e+00
1.433291077613830566e+00
3.669167757034301758e+00
-1.336314380168914795e-01
-7.777519226074218750e-01
-2.398231774568557739e-01
1.848244369029998779e-01
-1.611573338508605957e+00
nan
3.765159845352172852e-02
-6.550787687301635742e-01
-7.317607402801513672e-01
-4.008855521678924561e-01
-9.150558114051818848e-01
6.734980642795562744e-02
nan
-2.002347856760025024e-01
-3.104511260986328125e+00
-3.222447872161865234e+00
