1.036629199981689453e+01
2.583873271942138672e+00
-1.792311191558837891e+00
4.431916713714599609e+00
9.228143692016601562e+00
nan
2.939001321792602539e+00
5.688364982604980469e+00
-9.433615952730178833e-02
5.408933162689208984e+00
4.013219833374023438e+00
-4.982132434844970703e+00
nan
6.171525955200195312e+00
1.434033989906311035e+00
3.730639696121215820e+00
4.235717058181762695e-01
6.337900459766387939e-02
1.163243055343627930e+00
-1.190903186798095703e-01
9.384292364120483398e-02
nan
1.393436193466186523e+00
1.470242857933044434e+00
-1.046038389205932617e+00
-3.397694110870361328e+00
-1.464260220527648926e+00
-1.994490742683410645e+00
nan
-2.353738844394683838e-01
-3.120412111282348633e+00
-3.290395498275756836e+00
