1.034829235076904297e+01
2.559121131896972656e+00
-1.813411712646484375e+00
4.445890903472900391e+00
9.047964096069335938e+00
nan
3.104019165039062500e+00
5.714254856109619141e+00
-1.348825544118881226e-01
5.436207771301269531e+00
4.117407321929931641e+00
-4.981468200683593750e+00
nan
6.204765319824218750e+00
1.440902948379516602e+00
3.708928823471069336e+00
4.147017598152160645e-01
-6.490468978881835938e-03
1.089476108551025391e+00
-1.363673955202102661e-01
1.955487430095672607e-01
nan
1.355757117271423340e+00
1.446136474609375000e+00
-1.077919483184814453e+00
-3.343059539794921875e+00
-1.364143133163452148e+00
-2.005795955657958984e+00
nan
-2.380302399396896362e-01
-3.090343236923217773e+00
-3.204557180404663086e+00
