1.516589832305908203e+01
1.576686263084411621e+00
3.819279372692108154e-01
5.776979923248291016e+00
8.848230361938476562e+00
2.589595556259155273e+00
1.217427030205726624e-01
1.382689285278320312e+01
1.137453651428222656e+01
8.462942838668823242e-01
9.375338554382324219e-01
5.404532909393310547e+00
4.668204784393310547e+00
2.517458796501159668e-01
-5.414743900299072266e+00
1.265609645843505859e+01
1.122565388679504395e+00
5.565713047981262207e-01
1.524540424346923828e+00
2.859941869974136353e-02
-5.905273556709289551e-02
-3.332020044326782227e-01
4.498928189277648926e-01
8.618287444114685059e-01
4.313843250274658203e-01
-2.630733966827392578e+00
-1.388181686401367188e+00
-2.642818689346313477e+00
-9.430170655250549316e-01
-3.435298204421997070e-01
-3.027616739273071289e+00
-1.844985246658325195e+00
