9.751461029052734375e+00
1.608888030052185059e+00
-2.021527051925659180e+00
3.047974109649658203e+00
8.095232963562011719e+00
6.494534969329833984e+00
2.622280836105346680e+00
4.064592838287353516e+00
-1.430084824562072754e+00
6.548120021820068359e+00
5.197710990905761719e+00
-4.787443637847900391e+00
nan
5.171930313110351562e+00
8.211699128150939941e-01
4.186197280883789062e+00
3.734333515167236328e-01
-4.259141534566879272e-02
1.120099782943725586e+00
-1.587045192718505859e-01
-4.875398054718971252e-02
-7.497050762176513672e-01
1.328593254089355469e+00
1.456101655960083008e+00
-5.749730467796325684e-01
-3.311136722564697266e+00
-1.526621460914611816e+00
-2.193341493606567383e+00
nan
-2.572896778583526611e-01
-3.085027933120727539e+00
-2.621321201324462891e+00
