7.560977458953857422e+00
2.113021850585937500e+00
-1.923168063163757324e+00
4.358053684234619141e+00
8.988129615783691406e+00
5.686941146850585938e+00
4.393080711364746094e+00
3.505095720291137695e+00
-3.809092760086059570e+00
6.039095401763916016e+00
1.000000000000000000e+02
-9.330280303955078125e+00
-8.639698028564453125e+00
8.588454246520996094e+00
1.000000000000000000e+02
-5.644744634628295898e-01
4.057282507419586182e-01
-7.451997697353363037e-02
1.118685960769653320e+00
-5.736935511231422424e-02
3.275541663169860840e-01
-2.615880407392978668e-02
1.643782854080200195e+00
1.234037160873413086e+00
-1.174672126770019531e+00
-3.285412311553955078e+00
1.000000000000000000e+02
-1.970481634140014648e+00
1.406438589096069336e+00
-1.233612373471260071e-01
1.000000000000000000e+02
-2.927252292633056641e+00
