5.237304687500000000e+00
4.191041342332027853e+00
4.941948812280315906e+00
1.000000000000000000e+02
3.177514885027960645e+00
1.310384337381123032e-01
1.242963827009134548e+00
6.155310262693092227e+00
3.841635466902516782e+00
1.175316779245076049e+00
4.316266744983295212e+00
2.382079521273283262e+00
2.007718062019193894e+00
1.702795099192371708e+00
3.467930967293796130e+00
4.224503021869168151e+00
1.111360907554626465e+00
2.229327968312873054e-01
9.316074455637135543e-01
1.000000000000000000e+02
1.292523014824169536e-01
3.827943157409663399e-01
6.136929787462577224e-01
1.639529316524601654e-01
-2.142838954044918864e-01
-2.859379841014742851e+00
-5.605874912580475211e+00
-2.261806967318989336e+00
-1.928420236798444876e-01
6.116900041452026926e-01
-2.446938236709684134e+00
-1.193487313233163150e+00
0.000000000000000000e+00
9.286401694737581591e-01
1.368964040143604510e+00
0.000000000000000000e+00
3.292053578169078509e+00
2.093347979286776628e+00
1.754490610818812302e+00
1.923069278163205498e+00
6.412605239941510105e-01
5.434175641099933118e-01
1.714009198298875214e+00
2.737421542723216916e+00
9.872540784096339728e-01
1.914484798882972072e+00
2.516735599770772325e+00
4.425291268473137585e+00
0.000000000000000000e+00
1.456862888442266302e-01
2.112092874184328672e-01
0.000000000000000000e+00
6.296014590510088382e-01
4.421400229389307879e-01
2.433053346110198301e-01
3.152295883205127880e-01
6.645617293826340255e-01
1.747251953719264617e-01
1.117505509561871557e+00
3.394675309077760605e+00
1.849534212593280935e-01
3.079991754382362390e-01
2.670836728993246645e-01
3.549566960888863032e-01
