4.636999999999999567e+00 2.741999999999999993e+00 6.256666666666667043e-01
4.635999999999999233e+00 2.741999999999999993e+00 6.351666666666666572e-01
4.634999999999998899e+00 2.741999999999999993e+00 6.281666666666666510e-01
4.633999999999998565e+00 2.741999999999999993e+00 6.241666666666666474e-01
4.632999999999998231e+00 2.741999999999999993e+00 6.271666666666666501e-01
4.631999999999997897e+00 2.741999999999999993e+00 6.403333333333333099e-01
4.630999999999997563e+00 2.741999999999999993e+00 6.270000000000000018e-01
4.629999999999997229e+00 2.741999999999999993e+00 6.328333333333333588e-01
4.628999999999996895e+00 2.741999999999999993e+00 6.378333333333333632e-01
4.627999999999996561e+00 2.741999999999999993e+00 6.276666666666667060e-01
4.626999999999996227e+00 2.741999999999999993e+00 6.356666666666667131e-01
4.625999999999995893e+00 2.741999999999999993e+00 6.330000000000000071e-01
4.624999999999995559e+00 2.741999999999999993e+00 6.296666666666667078e-01
4.623999999999995225e+00 2.741999999999999993e+00 6.351666666666666572e-01
4.622999999999994891e+00 2.741999999999999993e+00 6.211666666666666448e-01
4.621999999999994557e+00 2.741999999999999993e+00 6.306666666666667087e-01
4.620999999999994223e+00 2.741999999999999993e+00 6.298333333333333561e-01
4.619999999999993889e+00 2.741999999999999993e+00 6.276666666666667060e-01
4.618999999999993555e+00 2.741999999999999993e+00 6.328333333333333588e-01
4.617999999999993221e+00 2.741999999999999993e+00 6.256666666666667043e-01
4.637999999999992795e+00 2.742999999999999883e+00 6.266666666666667052e-01
4.636999999999992461e+00 2.742999999999999883e+00 6.333333333333333037e-01
4.635999999999992127e+00 2.742999999999999883e+00 6.260000000000000009e-01
4.634999999999991793e+00 2.742999999999999883e+00 6.276666666666667060e-01
4.633999999999991459e+00 2.742999999999999883e+00 6.330000000000000071e-01
4.632999999999991125e+00 2.742999999999999883e+00 6.268333333333333535e-01
4.631999999999990791e+00 2.742999999999999883e+00 6.280000000000000027e-01
4.630999999999990457e+00 2.742999999999999883e+00 6.301666666666666528e-01
4.629999999999990123e+00 2.742999999999999883e+00 6.248333333333333517e-01
4.628999999999989790e+00 2.742999999999999883e+00 6.300000000000000044e-01
4.627999999999989456e+00 2.742999999999999883e+00 6.205000000000000515e-01
4.626999999999989122e+00 2.742999999999999883e+00 6.364999999999999547e-01
4.625999999999988788e+00 2.742999999999999883e+00 6.238333333333333508e-01
4.624999999999988454e+00 2.742999999999999883e+00 6.219999999999999973e-01
4.623999999999988120e+00 2.742999999999999883e+00 6.274999999999999467e-01
4.622999999999987786e+00 2.742999999999999883e+00 6.288333333333333552e-01
4.621999999999987452e+00 2.742999999999999883e+00 6.201666666666666439e-01
4.620999999999987118e+00 2.742999999999999883e+00 6.149999999999999911e-01
4.619999999999986784e+00 2.742999999999999883e+00 6.276666666666667060e-01
4.618999999999986450e+00 2.742999999999999883e+00 6.235000000000000542e-01
4.617999999999986116e+00 2.742999999999999883e+00 6.358333333333333615e-01
4.637999999999985690e+00 2.743999999999999773e+00 6.284999999999999476e-01
4.636999999999985356e+00 2.743999999999999773e+00 6.343333333333333046e-01
4.635999999999985022e+00 2.743999999999999773e+00 6.348333333333333606e-01
4.634999999999984688e+00 2.743999999999999773e+00 6.334999999999999520e-01
4.633999999999984354e+00 2.743999999999999773e+00 6.350000000000000089e-01
4.632999999999984020e+00 2.743999999999999773e+00 6.250000000000000000e-01
4.631999999999983686e+00 2.743999999999999773e+00 6.341666666666666563e-01
4.630999999999983352e+00 2.743999999999999773e+00 6.290000000000000036e-01
4.629999999999983018e+00 2.743999999999999773e+00 6.300000000000000044e-01
4.628999999999982684e+00 2.743999999999999773e+00 6.294999999999999485e-01
4.627999999999982350e+00 2.743999999999999773e+00 6.351666666666666572e-01
4.626999999999982016e+00 2.743999999999999773e+00 6.243333333333332957e-01
4.625999999999981682e+00 2.743999999999999773e+00 6.331666666666666554e-01
4.624999999999981348e+00 2.743999999999999773e+00 6.310000000000000053e-01
4.623999999999981014e+00 2.743999999999999773e+00 6.391666666666666607e-01
4.622999999999980680e+00 2.743999999999999773e+00 6.278333333333333544e-01
4.621999999999980346e+00 2.743999999999999773e+00 6.281666666666666510e-01
4.620999999999980012e+00 2.743999999999999773e+00 6.233333333333332948e-01
4.619999999999979678e+00 2.743999999999999773e+00 6.336666666666667114e-01
4.618999999999979345e+00 2.743999999999999773e+00 6.270000000000000018e-01
4.617999999999979011e+00 2.743999999999999773e+00 6.358333333333333615e-01
4.637999999999978584e+00 2.744999999999999662e+00 6.303333333333333011e-01
4.636999999999978250e+00 2.744999999999999662e+00 6.266666666666667052e-01
4.635999999999977916e+00 2.744999999999999662e+00 6.334999999999999520e-01
4.634999999999977582e+00 2.744999999999999662e+00 6.393333333333333091e-01
4.633999999999977248e+00 2.744999999999999662e+00 6.343333333333333046e-01
4.632999999999976914e+00 2.744999999999999662e+00 6.353333333333333055e-01
4.631999999999976581e+00 2.744999999999999662e+00 6.231666666666666465e-01
4.630999999999976247e+00 2.744999999999999662e+00 6.346666666666667123e-01
4.629999999999975913e+00 2.744999999999999662e+00 6.443333333333333135e-01
4.628999999999975579e+00 2.744999999999999662e+00 6.360000000000000098e-01
4.627999999999975245e+00 2.744999999999999662e+00 6.266666666666667052e-01
4.626999999999974911e+00 2.744999999999999662e+00 6.243333333333332957e-01
4.625999999999974577e+00 2.744999999999999662e+00 6.390000000000000124e-01
4.624999999999974243e+00 2.744999999999999662e+00 6.258333333333333526e-01
4.623999999999973909e+00 2.744999999999999662e+00 6.248333333333333517e-01
4.622999999999973575e+00 2.744999999999999662e+00 6.233333333333332948e-01
4.621999999999973241e+00 2.744999999999999662e+00 6.351666666666666572e-01
4.620999999999972907e+00 2.744999999999999662e+00 6.296666666666667078e-01
4.619999999999972573e+00 2.744999999999999662e+00 6.333333333333333037e-01
4.618999999999972239e+00 2.744999999999999662e+00 6.333333333333333037e-01
4.617999999999971905e+00 2.744999999999999662e+00 6.356666666666667131e-01
4.637999999999971479e+00 2.745999999999999552e+00 6.256666666666667043e-01
4.636999999999971145e+00 2.745999999999999552e+00 6.189999999999999947e-01
4.635999999999970811e+00 2.745999999999999552e+00 6.304999999999999494e-01
4.634999999999970477e+00 2.745999999999999552e+00 6.248333333333333517e-01
4.633999999999970143e+00 2.745999999999999552e+00 6.225000000000000533e-01
4.632999999999969809e+00 2.745999999999999552e+00 6.311666666666666536e-01
4.631999999999969475e+00 2.745999999999999552e+00 6.175000000000000488e-01
4.630999999999969141e+00 2.745999999999999552e+00 6.241666666666666474e-01
4.629999999999968807e+00 2.745999999999999552e+00 6.371666666666666590e-01
4.628999999999968473e+00 2.745999999999999552e+00 6.296666666666667078e-01
4.627999999999968139e+00 2.745999999999999552e+00 6.206666666666666998e-01
4.626999999999967805e+00 2.745999999999999552e+00 6.225000000000000533e-01
4.625999999999967471e+00 2.745999999999999552e+00 6.306666666666667087e-01
4.624999999999967137e+00 2.745999999999999552e+00 6.226666666666667016e-01
4.623999999999966803e+00 2.745999999999999552e+00 6.296666666666667078e-01
4.622999999999966469e+00 2.745999999999999552e+00 6.271666666666666501e-01
4.621999999999966136e+00 2.745999999999999552e+00 6.404999999999999583e-01
4.620999999999965802e+00 2.745999999999999552e+00 6.271666666666666501e-01
4.619999999999965468e+00 2.745999999999999552e+00 6.334999999999999520e-01
4.618999999999965134e+00 2.745999999999999552e+00 6.273333333333332984e-01
4.617999999999964800e+00 2.745999999999999552e+00 6.301666666666666528e-01
4.637999999999964373e+00 2.746999999999999442e+00 6.311666666666666536e-01
4.636999999999964039e+00 2.746999999999999442e+00 6.195000000000000506e-01
4.635999999999963705e+00 2.746999999999999442e+00 6.281666666666666510e-01
4.634999999999963372e+00 2.746999999999999442e+00 6.328333333333333588e-01
4.633999999999963038e+00 2.746999999999999442e+00 6.268333333333333535e-01
4.632999999999962704e+00 2.746999999999999442e+00 6.300000000000000044e-01
4.631999999999962370e+00 2.746999999999999442e+00 6.351666666666666572e-01
4.630999999999962036e+00 2.746999999999999442e+00 6.274999999999999467e-01
4.629999999999961702e+00 2.746999999999999442e+00 6.326666666666667105e-01
4.628999999999961368e+00 2.746999999999999442e+00 6.281666666666666510e-01
4.627999999999961034e+00 2.746999999999999442e+00 6.374999999999999556e-01
4.626999999999960700e+00 2.746999999999999442e+00 6.280000000000000027e-01
4.625999999999960366e+00 2.746999999999999442e+00 6.248333333333333517e-01
4.624999999999960032e+00 2.746999999999999442e+00 6.284999999999999476e-01
4.623999999999959698e+00 2.746999999999999442e+00 6.253333333333332966e-01
4.622999999999959364e+00 2.746999999999999442e+00 6.263333333333332975e-01
4.621999999999959030e+00 2.746999999999999442e+00 6.320000000000000062e-01
4.620999999999958696e+00 2.746999999999999442e+00 6.348333333333333606e-01
4.619999999999958362e+00 2.746999999999999442e+00 6.246666666666667034e-01
4.618999999999958028e+00 2.746999999999999442e+00 6.183333333333332904e-01
4.617999999999957694e+00 2.746999999999999442e+00 6.296666666666667078e-01
4.637999999999957268e+00 2.747999999999999332e+00 6.314999999999999503e-01
4.636999999999956934e+00 2.747999999999999332e+00 6.368333333333333623e-01
4.635999999999956600e+00 2.747999999999999332e+00 6.175000000000000488e-01
4.634999999999956266e+00 2.747999999999999332e+00 6.341666666666666563e-01
4.633999999999955932e+00 2.747999999999999332e+00 6.328333333333333588e-01
4.632999999999955598e+00 2.747999999999999332e+00 6.225000000000000533e-01
4.631999999999955264e+00 2.747999999999999332e+00 6.181666666666666421e-01
4.630999999999954930e+00 2.747999999999999332e+00 6.298333333333333561e-01
4.629999999999954596e+00 2.747999999999999332e+00 6.346666666666667123e-01
4.628999999999954262e+00 2.747999999999999332e+00 6.326666666666667105e-01
4.627999999999953928e+00 2.747999999999999332e+00 6.291666666666666519e-01
4.626999999999953594e+00 2.747999999999999332e+00 6.363333333333333064e-01
4.625999999999953260e+00 2.747999999999999332e+00 6.225000000000000533e-01
4.624999999999952927e+00 2.747999999999999332e+00 6.364999999999999547e-01
4.623999999999952593e+00 2.747999999999999332e+00 6.239999999999999991e-01
4.622999999999952259e+00 2.747999999999999332e+00 6.370000000000000107e-01
4.621999999999951925e+00 2.747999999999999332e+00 6.311666666666666536e-01
4.620999999999951591e+00 2.747999999999999332e+00 6.250000000000000000e-01
4.619999999999951257e+00 2.747999999999999332e+00 6.426666666666667194e-01
4.618999999999950923e+00 2.747999999999999332e+00 6.351666666666666572e-01
4.617999999999950589e+00 2.747999999999999332e+00 6.368333333333333623e-01
4.637999999999950163e+00 2.748999999999999222e+00 6.303333333333333011e-01
4.636999999999949829e+00 2.748999999999999222e+00 6.258333333333333526e-01
4.635999999999949495e+00 2.748999999999999222e+00 6.350000000000000089e-01
4.634999999999949161e+00 2.748999999999999222e+00 6.276666666666667060e-01
4.633999999999948827e+00 2.748999999999999222e+00 6.276666666666667060e-01
4.632999999999948493e+00 2.748999999999999222e+00 6.291666666666666519e-01
4.631999999999948159e+00 2.748999999999999222e+00 6.321666666666666545e-01
4.630999999999947825e+00 2.748999999999999222e+00 6.340000000000000080e-01
4.629999999999947491e+00 2.748999999999999222e+00 6.266666666666667052e-01
4.628999999999947157e+00 2.748999999999999222e+00 6.298333333333333561e-01
4.627999999999946823e+00 2.748999999999999222e+00 6.393333333333333091e-01
4.626999999999946489e+00 2.748999999999999222e+00 6.280000000000000027e-01
4.625999999999946155e+00 2.748999999999999222e+00 6.251666666666666483e-01
4.624999999999945821e+00 2.748999999999999222e+00 6.290000000000000036e-01
4.623999999999945487e+00 2.748999999999999222e+00 6.283333333333332993e-01
4.622999999999945153e+00 2.748999999999999222e+00 6.398333333333333650e-01
4.621999999999944819e+00 2.748999999999999222e+00 6.260000000000000009e-01
4.620999999999944485e+00 2.748999999999999222e+00 6.276666666666667060e-01
4.619999999999944151e+00 2.748999999999999222e+00 6.291666666666666519e-01
4.618999999999943817e+00 2.748999999999999222e+00 6.293333333333333002e-01
4.617999999999943483e+00 2.748999999999999222e+00 6.310000000000000053e-01
4.637999999999943057e+00 2.749999999999999112e+00 6.238333333333333508e-01
4.636999999999942723e+00 2.749999999999999112e+00 6.304999999999999494e-01
4.635999999999942389e+00 2.749999999999999112e+00 6.196666666666666989e-01
4.634999999999942055e+00 2.749999999999999112e+00 6.333333333333333037e-01
4.633999999999941721e+00 2.749999999999999112e+00 6.283333333333332993e-01
4.632999999999941387e+00 2.749999999999999112e+00 6.088333333333333375e-01
4.631999999999941053e+00 2.749999999999999112e+00 6.293333333333333002e-01
4.630999999999940719e+00 2.749999999999999112e+00 6.276666666666667060e-01
4.629999999999940385e+00 2.749999999999999112e+00 6.331666666666666554e-01
4.628999999999940052e+00 2.749999999999999112e+00 6.208333333333333481e-01
4.627999999999939718e+00 2.749999999999999112e+00 6.203333333333332922e-01
4.626999999999939384e+00 2.749999999999999112e+00 6.258333333333333526e-01
4.625999999999939050e+00 2.749999999999999112e+00 6.344999999999999529e-01
4.624999999999938716e+00 2.749999999999999112e+00 6.258333333333333526e-01
4.623999999999938382e+00 2.749999999999999112e+00 6.306666666666667087e-01
4.622999999999938048e+00 2.749999999999999112e+00 6.211666666666666448e-01
4.621999999999937714e+00 2.749999999999999112e+00 6.356666666666667131e-01
4.620999999999937380e+00 2.749999999999999112e+00 6.414999999999999591e-01
4.619999999999937046e+00 2.749999999999999112e+00 6.388333333333333641e-01
4.618999999999936712e+00 2.749999999999999112e+00 6.290000000000000036e-01
4.617999999999936378e+00 2.749999999999999112e+00 6.188333333333333464e-01
4.637999999999935952e+00 2.750999999999999002e+00 6.303333333333333011e-01
4.636999999999935618e+00 2.750999999999999002e+00 6.248333333333333517e-01
4.635999999999935284e+00 2.750999999999999002e+00 6.326666666666667105e-01
4.634999999999934950e+00 2.750999999999999002e+00 6.235000000000000542e-01
4.633999999999934616e+00 2.750999999999999002e+00 6.266666666666667052e-01
4.632999999999934282e+00 2.750999999999999002e+00 6.300000000000000044e-01
4.631999999999933948e+00 2.750999999999999002e+00 6.250000000000000000e-01
4.630999999999933614e+00 2.750999999999999002e+00 6.301666666666666528e-01
4.629999999999933280e+00 2.750999999999999002e+00 6.251666666666666483e-01
4.628999999999932946e+00 2.750999999999999002e+00 6.218333333333333490e-01
4.627999999999932612e+00 2.750999999999999002e+00 6.166666666666666963e-01
4.626999999999932278e+00 2.750999999999999002e+00 6.346666666666667123e-01
4.625999999999931944e+00 2.750999999999999002e+00 6.283333333333332993e-01
4.624999999999931610e+00 2.750999999999999002e+00 6.331666666666666554e-01
4.623999999999931276e+00 2.750999999999999002e+00 6.218333333333333490e-01
4.622999999999930942e+00 2.750999999999999002e+00 6.221666666666666456e-01
4.621999999999930608e+00 2.750999999999999002e+00 6.318333333333333579e-01
4.620999999999930274e+00 2.750999999999999002e+00 6.245000000000000551e-01
4.619999999999929940e+00 2.750999999999999002e+00 6.310000000000000053e-01
4.618999999999929607e+00 2.750999999999999002e+00 6.394999999999999574e-01
4.617999999999929273e+00 2.750999999999999002e+00 6.268333333333333535e-01
4.637999999999928846e+00 2.751999999999998892e+00 6.199999999999999956e-01
4.636999999999928512e+00 2.751999999999998892e+00 6.296666666666667078e-01
4.635999999999928178e+00 2.751999999999998892e+00 6.406666666666667176e-01
4.634999999999927844e+00 2.751999999999998892e+00 6.298333333333333561e-01
4.633999999999927510e+00 2.751999999999998892e+00 6.250000000000000000e-01
4.632999999999927176e+00 2.751999999999998892e+00 6.266666666666667052e-01
4.631999999999926843e+00 2.751999999999998892e+00 6.261666666666666492e-01
4.630999999999926509e+00 2.751999999999998892e+00 6.260000000000000009e-01
4.629999999999926175e+00 2.751999999999998892e+00 6.261666666666666492e-01
4.628999999999925841e+00 2.751999999999998892e+00 6.206666666666666998e-01
4.627999999999925507e+00 2.751999999999998892e+00 6.284999999999999476e-01
4.626999999999925173e+00 2.751999999999998892e+00 6.320000000000000062e-01
4.625999999999924839e+00 2.751999999999998892e+00 6.216666666666667007e-01
4.624999999999924505e+00 2.751999999999998892e+00 6.400000000000000133e-01
4.623999999999924171e+00 2.751999999999998892e+00 6.229999999999999982e-01
4.622999999999923837e+00 2.751999999999998892e+00 6.353333333333333055e-01
4.621999999999923503e+00 2.751999999999998892e+00 6.273333333333332984e-01
4.620999999999923169e+00 2.751999999999998892e+00 6.366666666666667140e-01
4.619999999999922835e+00 2.751999999999998892e+00 6.340000000000000080e-01
4.618999999999922501e+00 2.751999999999998892e+00 6.245000000000000551e-01
4.617999999999922167e+00 2.751999999999998892e+00 6.320000000000000062e-01
4.637999999999921741e+00 2.752999999999998781e+00 6.273333333333332984e-01
4.636999999999921407e+00 2.752999999999998781e+00 6.274999999999999467e-01
4.635999999999921073e+00 2.752999999999998781e+00 6.271666666666666501e-01
4.634999999999920739e+00 2.752999999999998781e+00 6.313333333333333020e-01
4.633999999999920405e+00 2.752999999999998781e+00 6.393333333333333091e-01
4.632999999999920071e+00 2.752999999999998781e+00 6.300000000000000044e-01
4.631999999999919737e+00 2.752999999999998781e+00 6.246666666666667034e-01
4.630999999999919403e+00 2.752999999999998781e+00 6.239999999999999991e-01
4.629999999999919069e+00 2.752999999999998781e+00 6.421666666666666634e-01
4.628999999999918735e+00 2.752999999999998781e+00 6.431666666666666643e-01
4.627999999999918401e+00 2.752999999999998781e+00 6.340000000000000080e-01
4.626999999999918067e+00 2.752999999999998781e+00 6.310000000000000053e-01
4.625999999999917733e+00 2.752999999999998781e+00 6.311666666666666536e-01
4.624999999999917399e+00 2.752999999999998781e+00 6.356666666666667131e-01
4.623999999999917065e+00 2.752999999999998781e+00 6.304999999999999494e-01
4.622999999999916731e+00 2.752999999999998781e+00 6.253333333333332966e-01
4.621999999999916398e+00 2.752999999999998781e+00 6.328333333333333588e-01
4.620999999999916064e+00 2.752999999999998781e+00 6.324999999999999512e-01
4.619999999999915730e+00 2.752999999999998781e+00 6.334999999999999520e-01
4.618999999999915396e+00 2.752999999999998781e+00 6.268333333333333535e-01
4.617999999999915062e+00 2.752999999999998781e+00 6.328333333333333588e-01
4.637999999999914635e+00 2.753999999999998671e+00 6.261666666666666492e-01
4.636999999999914301e+00 2.753999999999998671e+00 6.333333333333333037e-01
4.635999999999913967e+00 2.753999999999998671e+00 6.356666666666667131e-01
4.634999999999913634e+00 2.753999999999998671e+00 6.301666666666666528e-01
4.633999999999913300e+00 2.753999999999998671e+00 6.254999999999999449e-01
4.632999999999912966e+00 2.753999999999998671e+00 6.280000000000000027e-01
4.631999999999912632e+00 2.753999999999998671e+00 6.326666666666667105e-01
4.630999999999912298e+00 2.753999999999998671e+00 6.368333333333333623e-01
4.629999999999911964e+00 2.753999999999998671e+00 6.278333333333333544e-01
4.628999999999911630e+00 2.753999999999998671e+00 6.250000000000000000e-01
4.627999999999911296e+00 2.753999999999998671e+00 6.231666666666666465e-01
4.626999999999910962e+00 2.753999999999998671e+00 6.306666666666667087e-01
4.625999999999910628e+00 2.753999999999998671e+00 6.383333333333333082e-01
4.624999999999910294e+00 2.753999999999998671e+00 6.314999999999999503e-01
4.623999999999909960e+00 2.753999999999998671e+00 6.366666666666667140e-01
4.622999999999909626e+00 2.753999999999998671e+00 6.253333333333332966e-01
4.621999999999909292e+00 2.753999999999998671e+00 6.388333333333333641e-01
4.620999999999908958e+00 2.753999999999998671e+00 6.328333333333333588e-01
4.619999999999908624e+00 2.753999999999998671e+00 6.321666666666666545e-01
4.618999999999908290e+00 2.753999999999998671e+00 6.231666666666666465e-01
4.617999999999907956e+00 2.753999999999998671e+00 6.321666666666666545e-01
4.637999999999907530e+00 2.754999999999998561e+00 6.370000000000000107e-01
4.636999999999907196e+00 2.754999999999998561e+00 6.304999999999999494e-01
4.635999999999906862e+00 2.754999999999998561e+00 6.283333333333332993e-01
4.634999999999906528e+00 2.754999999999998561e+00 6.346666666666667123e-01
4.633999999999906194e+00 2.754999999999998561e+00 6.291666666666666519e-01
4.632999999999905860e+00 2.754999999999998561e+00 6.383333333333333082e-01
4.631999999999905526e+00 2.754999999999998561e+00 6.361666666666666581e-01
4.630999999999905192e+00 2.754999999999998561e+00 6.406666666666667176e-01
4.629999999999904858e+00 2.754999999999998561e+00 6.304999999999999494e-01
4.628999999999904524e+00 2.754999999999998561e+00 6.298333333333333561e-01
4.627999999999904190e+00 2.754999999999998561e+00 6.343333333333333046e-01
4.626999999999903856e+00 2.754999999999998561e+00 6.334999999999999520e-01
4.625999999999903523e+00 2.754999999999998561e+00 6.328333333333333588e-01
4.624999999999903189e+00 2.754999999999998561e+00 6.283333333333332993e-01
4.623999999999902855e+00 2.754999999999998561e+00 6.185000000000000497e-01
4.622999999999902521e+00 2.754999999999998561e+00 6.334999999999999520e-01
4.621999999999902187e+00 2.754999999999998561e+00 6.306666666666667087e-01
4.620999999999901853e+00 2.754999999999998561e+00 6.226666666666667016e-01
4.619999999999901519e+00 2.754999999999998561e+00 6.243333333333332957e-01
4.618999999999901185e+00 2.754999999999998561e+00 6.311666666666666536e-01
4.617999999999900851e+00 2.754999999999998561e+00 6.236666666666667025e-01
4.637999999999900425e+00 2.755999999999998451e+00 6.301666666666666528e-01
4.636999999999900091e+00 2.755999999999998451e+00 6.380000000000000115e-01
4.635999999999899757e+00 2.755999999999998451e+00 6.366666666666667140e-01
4.634999999999899423e+00 2.755999999999998451e+00 6.434999999999999609e-01
4.633999999999899089e+00 2.755999999999998451e+00 6.331666666666666554e-01
4.632999999999898755e+00 2.755999999999998451e+00 6.393333333333333091e-01
4.631999999999898421e+00 2.755999999999998451e+00 6.373333333333333073e-01
4.630999999999898087e+00 2.755999999999998451e+00 6.218333333333333490e-01
4.629999999999897753e+00 2.755999999999998451e+00 6.284999999999999476e-01
4.628999999999897419e+00 2.755999999999998451e+00 6.266666666666667052e-01
4.627999999999897085e+00 2.755999999999998451e+00 6.330000000000000071e-01
4.626999999999896751e+00 2.755999999999998451e+00 6.293333333333333002e-01
4.625999999999896417e+00 2.755999999999998451e+00 6.218333333333333490e-01
4.624999999999896083e+00 2.755999999999998451e+00 6.260000000000000009e-01
4.623999999999895749e+00 2.755999999999998451e+00 6.323333333333333028e-01
4.622999999999895415e+00 2.755999999999998451e+00 6.221666666666666456e-01
4.621999999999895081e+00 2.755999999999998451e+00 6.320000000000000062e-01
4.620999999999894747e+00 2.755999999999998451e+00 6.270000000000000018e-01
4.619999999999894413e+00 2.755999999999998451e+00 6.386666666666667158e-01
4.618999999999894079e+00 2.755999999999998451e+00 6.333333333333333037e-01
4.617999999999893745e+00 2.755999999999998451e+00 6.300000000000000044e-01
4.637999999999893319e+00 2.756999999999998341e+00 6.410000000000000142e-01
4.636999999999892985e+00 2.756999999999998341e+00 6.350000000000000089e-01
4.635999999999892651e+00 2.756999999999998341e+00 6.211666666666666448e-01
4.634999999999892317e+00 2.756999999999998341e+00 6.273333333333332984e-01
4.633999999999891983e+00 2.756999999999998341e+00 6.208333333333333481e-01
4.632999999999891649e+00 2.756999999999998341e+00 6.308333333333333570e-01
4.631999999999891315e+00 2.756999999999998341e+00 6.261666666666666492e-01
4.630999999999890981e+00 2.756999999999998341e+00 6.311666666666666536e-01
4.629999999999890647e+00 2.756999999999998341e+00 6.251666666666666483e-01
4.628999999999890314e+00 2.756999999999998341e+00 6.376666666666667149e-01
4.627999999999889980e+00 2.756999999999998341e+00 6.266666666666667052e-01
4.626999999999889646e+00 2.756999999999998341e+00 6.334999999999999520e-01
4.625999999999889312e+00 2.756999999999998341e+00 6.250000000000000000e-01
4.624999999999888978e+00 2.756999999999998341e+00 6.206666666666666998e-01
4.623999999999888644e+00 2.756999999999998341e+00 6.188333333333333464e-01
4.622999999999888310e+00 2.756999999999998341e+00 6.266666666666667052e-01
4.621999999999887976e+00 2.756999999999998341e+00 6.186666666666666980e-01
4.620999999999887642e+00 2.756999999999998341e+00 6.316666666666667096e-01
4.619999999999887308e+00 2.756999999999998341e+00 6.298333333333333561e-01
4.618999999999886974e+00 2.756999999999998341e+00 6.271666666666666501e-01
4.617999999999886640e+00 2.756999999999998341e+00 6.278333333333333544e-01
4.637999999999886214e+00 2.757999999999998231e+00 6.236666666666667025e-01
4.636999999999885880e+00 2.757999999999998231e+00 6.300000000000000044e-01
4.635999999999885546e+00 2.757999999999998231e+00 6.321666666666666545e-01
4.634999999999885212e+00 2.757999999999998231e+00 6.303333333333333011e-01
4.633999999999884878e+00 2.757999999999998231e+00 6.360000000000000098e-01
4.632999999999884544e+00 2.757999999999998231e+00 6.336666666666667114e-01
4.631999999999884210e+00 2.757999999999998231e+00 6.414999999999999591e-01
4.630999999999883876e+00 2.757999999999998231e+00 6.281666666666666510e-01
4.629999999999883542e+00 2.757999999999998231e+00 6.231666666666666465e-01
4.628999999999883208e+00 2.757999999999998231e+00 6.270000000000000018e-01
4.627999999999882874e+00 2.757999999999998231e+00 6.331666666666666554e-01
4.626999999999882540e+00 2.757999999999998231e+00 6.250000000000000000e-01
4.625999999999882206e+00 2.757999999999998231e+00 6.238333333333333508e-01
4.624999999999881872e+00 2.757999999999998231e+00 6.344999999999999529e-01
4.623999999999881538e+00 2.757999999999998231e+00 6.330000000000000071e-01
4.622999999999881204e+00 2.757999999999998231e+00 6.396666666666667167e-01
4.621999999999880870e+00 2.757999999999998231e+00 6.273333333333332984e-01
4.620999999999880536e+00 2.757999999999998231e+00 6.273333333333332984e-01
4.619999999999880202e+00 2.757999999999998231e+00 6.198333333333333472e-01
4.618999999999879869e+00 2.757999999999998231e+00 6.353333333333333055e-01
4.617999999999879535e+00 2.757999999999998231e+00 6.308333333333333570e-01
4.637999999999879108e+00 2.758999999999998121e+00 6.251666666666666483e-01
4.636999999999878774e+00 2.758999999999998121e+00 6.380000000000000115e-01
4.635999999999878440e+00 2.758999999999998121e+00 6.290000000000000036e-01
4.634999999999878106e+00 2.758999999999998121e+00 6.276666666666667060e-01
4.633999999999877772e+00 2.758999999999998121e+00 6.434999999999999609e-01
4.632999999999877438e+00 2.758999999999998121e+00 6.274999999999999467e-01
4.631999999999877105e+00 2.758999999999998121e+00 6.313333333333333020e-01
4.630999999999876771e+00 2.758999999999998121e+00 6.171666666666666412e-01
4.629999999999876437e+00 2.758999999999998121e+00 6.185000000000000497e-01
4.628999999999876103e+00 2.758999999999998121e+00 6.266666666666667052e-01
4.627999999999875769e+00 2.758999999999998121e+00 6.246666666666667034e-01
4.626999999999875435e+00 2.758999999999998121e+00 6.211666666666666448e-01
4.625999999999875101e+00 2.758999999999998121e+00 6.293333333333333002e-01
4.624999999999874767e+00 2.758999999999998121e+00 6.353333333333333055e-01
4.623999999999874433e+00 2.758999999999998121e+00 6.231666666666666465e-01
4.622999999999874099e+00 2.758999999999998121e+00 6.290000000000000036e-01
4.621999999999873765e+00 2.758999999999998121e+00 6.366666666666667140e-01
4.620999999999873431e+00 2.758999999999998121e+00 6.276666666666667060e-01
4.619999999999873097e+00 2.758999999999998121e+00 6.205000000000000515e-01
4.618999999999872763e+00 2.758999999999998121e+00 6.390000000000000124e-01
4.617999999999872429e+00 2.758999999999998121e+00 6.296666666666667078e-01
4.637999999999872003e+00 2.759999999999998010e+00 6.353333333333333055e-01
4.636999999999871669e+00 2.759999999999998010e+00 6.348333333333333606e-01
4.635999999999871335e+00 2.759999999999998010e+00 6.313333333333333020e-01
4.634999999999871001e+00 2.759999999999998010e+00 6.195000000000000506e-01
4.633999999999870667e+00 2.759999999999998010e+00 6.273333333333332984e-01
4.632999999999870333e+00 2.759999999999998010e+00 6.260000000000000009e-01
4.631999999999869999e+00 2.759999999999998010e+00 6.266666666666667052e-01
4.630999999999869665e+00 2.759999999999998010e+00 6.264999999999999458e-01
4.629999999999869331e+00 2.759999999999998010e+00 6.290000000000000036e-01
4.628999999999868997e+00 2.759999999999998010e+00 6.199999999999999956e-01
4.627999999999868663e+00 2.759999999999998010e+00 6.233333333333332948e-01
4.626999999999868329e+00 2.759999999999998010e+00 6.298333333333333561e-01
4.625999999999867995e+00 2.759999999999998010e+00 6.264999999999999458e-01
4.624999999999867661e+00 2.759999999999998010e+00 6.229999999999999982e-01
4.623999999999867327e+00 2.759999999999998010e+00 6.328333333333333588e-01
4.622999999999866994e+00 2.759999999999998010e+00 6.271666666666666501e-01
4.621999999999866660e+00 2.759999999999998010e+00 6.361666666666666581e-01
4.620999999999866326e+00 2.759999999999998010e+00 6.261666666666666492e-01
4.619999999999865992e+00 2.759999999999998010e+00 6.215000000000000524e-01
4.618999999999865658e+00 2.759999999999998010e+00 6.320000000000000062e-01
4.617999999999865324e+00 2.759999999999998010e+00 6.254999999999999449e-01
4.637999999999864897e+00 2.760999999999997900e+00 6.266666666666667052e-01
4.636999999999864563e+00 2.760999999999997900e+00 6.241666666666666474e-01
4.635999999999864229e+00 2.760999999999997900e+00 6.273333333333332984e-01
4.634999999999863896e+00 2.760999999999997900e+00 6.310000000000000053e-01
4.633999999999863562e+00 2.760999999999997900e+00 6.241666666666666474e-01
4.632999999999863228e+00 2.760999999999997900e+00 6.386666666666667158e-01
4.631999999999862894e+00 2.760999999999997900e+00 6.348333333333333606e-01
4.630999999999862560e+00 2.760999999999997900e+00 6.314999999999999503e-01
4.629999999999862226e+00 2.760999999999997900e+00 6.219999999999999973e-01
4.628999999999861892e+00 2.760999999999997900e+00 6.314999999999999503e-01
4.627999999999861558e+00 2.760999999999997900e+00 6.298333333333333561e-01
4.626999999999861224e+00 2.760999999999997900e+00 6.350000000000000089e-01
4.625999999999860890e+00 2.760999999999997900e+00 6.318333333333333579e-01
4.624999999999860556e+00 2.760999999999997900e+00 6.213333333333332931e-01
4.623999999999860222e+00 2.760999999999997900e+00 6.274999999999999467e-01
4.622999999999859888e+00 2.760999999999997900e+00 6.364999999999999547e-01
4.621999999999859554e+00 2.760999999999997900e+00 6.313333333333333020e-01
4.620999999999859220e+00 2.760999999999997900e+00 6.381666666666666599e-01
4.619999999999858886e+00 2.760999999999997900e+00 6.296666666666667078e-01
4.618999999999858552e+00 2.760999999999997900e+00 6.318333333333333579e-01
4.617999999999858218e+00 2.760999999999997900e+00 6.361666666666666581e-01
4.637999999999857792e+00 2.761999999999997790e+00 6.366666666666667140e-01
4.636999999999857458e+00 2.761999999999997790e+00 6.186666666666666980e-01
4.635999999999857124e+00 2.761999999999997790e+00 6.326666666666667105e-01
4.634999999999856790e+00 2.761999999999997790e+00 6.283333333333332993e-01
4.633999999999856456e+00 2.761999999999997790e+00 6.413333333333333108e-01
4.632999999999856122e+00 2.761999999999997790e+00 6.301666666666666528e-01
4.631999999999855788e+00 2.761999999999997790e+00 6.221666666666666456e-01
4.630999999999855454e+00 2.761999999999997790e+00 6.348333333333333606e-01
4.629999999999855120e+00 2.761999999999997790e+00 6.321666666666666545e-01
4.628999999999854786e+00 2.761999999999997790e+00 6.278333333333333544e-01
4.627999999999854452e+00 2.761999999999997790e+00 6.278333333333333544e-01
4.626999999999854118e+00 2.761999999999997790e+00 6.331666666666666554e-01
4.625999999999853785e+00 2.761999999999997790e+00 6.199999999999999956e-01
4.624999999999853451e+00 2.761999999999997790e+00 6.330000000000000071e-01
4.623999999999853117e+00 2.761999999999997790e+00 6.235000000000000542e-01
4.622999999999852783e+00 2.761999999999997790e+00 6.288333333333333552e-01
4.621999999999852449e+00 2.761999999999997790e+00 6.373333333333333073e-01
4.620999999999852115e+00 2.761999999999997790e+00 6.311666666666666536e-01
4.619999999999851781e+00 2.761999999999997790e+00 6.283333333333332993e-01
4.618999999999851447e+00 2.761999999999997790e+00 6.314999999999999503e-01
4.617999999999851113e+00 2.761999999999997790e+00 6.264999999999999458e-01
