00000000000000000e+00  3.600000000000000e-02
3.024400000000000e+00  3.600000000000000e-02
3.024400000000000e+00  3.000000000000000e-02
3.610720000000000e+00  3.000000000000000e-02
3.610720000000000e+00  2.200000000000000e-02
4.610720000000000e+00  2.200000000000000e-02
4.610720000000000e+00  3.700000000000000e-02
5.521620000000000e+00  3.700000000000000e-02
5.521620000000000e+00  2.200000000000000e-02
5.941400000000000e+00  2.200000000000000e-02
6.361900000000000e+00  2.200000000000000e-02
6.361900000000000e+00  3.700000000000000e-02
7.268800000000000e+00  3.700000000000000e-02
7.268800000000000e+00  2.200000000000000e-02
8.365515000000000e+00  2.200000000000000e-02
8.365515000000000e+00  3.000000000000000e-02
8.858380000000000e+00  3.000000000000000e-02
8.858380000000000e+00  3.600000000000000e-02
1.673722000000000e+01  3.600000000000000e-02
1.673722000000000e+01  3.000000000000000e-02
1.732350000000000e+01  3.000000000000000e-02
1.732350000000000e+01  2.200000000000000e-02
1.833180000000000e+01  2.200000000000000e-02
1.833180000000000e+01  3.700000000000000e-02
1.925570000000000e+01  3.700000000000000e-02
1.925570000000000e+01  2.200000000000000e-02
2.007470000000000e+01  2.200000000000000e-02
2.007470000000000e+01  3.700000000000000e-02
2.098660000000000e+01  3.700000000000000e-02
2.098660000000000e+01  2.200000000000000e-02
2.208840000000000e+01  2.200000000000000e-02
2.208840000000000e+01  3.000000000000000e-02
2.257120000000000e+01  3.000000000000000e-02
2.257120000000000e+01  3.600000000000000e-02
2.742560000000000e+01  3.600000000000000e-02