0.000000000000000e+00  1.900000000000000e-02
3.022620000000000e+00  1.900000000000000e-02
3.022620000000000e+00  3.000000000000000e-02
3.608915000000000e+00  3.000000000000000e-02
3.608915000000000e+00  4.400000000000000e-02
4.608915000000000e+00  4.400000000000000e-02
4.608915000000000e+00  3.700000000000000e-02
5.608915000000000e+00  3.700000000000000e-02
5.608915000000000e+00  1.100000000000000e-02
6.361960000000000e+00  1.100000000000000e-02
6.361960000000000e+00  3.700000000000000e-02
7.268800000000000e+00  3.700000000000000e-02
7.268800000000000e+00  4.400000000000000e-02
8.272085000000000e+00  4.400000000000000e-02
8.272085000000000e+00  3.000000000000000e-02
8.858380000000000e+00  3.000000000000000e-02
8.858380000000000e+00  1.900000000000000e-02
1.673722000000000e+01  1.900000000000000e-02
1.673722000000000e+01  3.000000000000000e-02
1.732350000000000e+01  3.000000000000000e-02
1.732350000000000e+01  3.700000000000000e-02
1.752008500000000e+01  3.700000000000000e-02
1.752008500000000e+01  4.400000000000000e-02
1.833180000000000e+01  4.400000000000000e-02
1.833180000000000e+01  3.700000000000000e-02
1.923370000000000e+01  3.700000000000000e-02
1.923370000000000e+01  1.100000000000000e-02
2.007470000000000e+01  1.100000000000000e-02
2.007470000000000e+01  3.700000000000000e-02
2.098660000000000e+01  3.700000000000000e-02
2.098660000000000e+01  4.400000000000000e-02
2.179831500000000e+01  4.400000000000000e-02
2.179831500000000e+01  3.700000000000000e-02
2.198488500000000e+01  3.700000000000000e-02
2.198488500000000e+01  3.000000000000000e-02
2.257118000000000e+01  3.000000000000000e-02
2.257118000000000e+01  1.900000000000000e-02
2.742560000000000e+01  1.900000000000000e-02